328.623,9.81085
328.619,9.84474
328.615,9.87866
328.611,9.91261
328.607,9.9466
328.603,9.98063
328.599,10.0147
328.595,10.0488
328.59,10.0829
328.586,10.1171
328.582,10.1513
328.578,10.1855
328.574,10.2198
328.57,10.2541
328.566,10.2884
328.562,10.3228
328.557,10.3572
328.553,10.3917
328.549,10.4261
328.545,10.4607
328.541,10.4952
328.536,10.5298
328.532,10.5644
328.528,10.5991
328.523,10.6338
328.519,10.6685
328.515,10.7033
328.511,10.7381
328.506,10.773
328.502,10.8079
328.498,10.8428
328.493,10.8778
328.489,10.9127
328.484,10.9478
328.48,10.9829
328.476,11.018
328.471,11.0531
328.467,11.0883
328.462,11.1235
328.458,11.1588
328.453,11.1941
328.449,11.2294
328.444,11.2648
328.44,11.3002
328.435,11.3356
328.431,11.3711
328.426,11.4066
328.422,11.4422
328.417,11.4778
328.413,11.5135
328.408,11.5491
328.403,11.5849
328.399,11.6206
328.394,11.6564
328.39,11.6922
328.385,11.7281
328.38,11.764
328.376,11.8
328.371,11.836
328.366,11.872
328.361,11.9081
328.357,11.9442
328.352,11.9804
328.347,12.0165
328.342,12.0528
328.338,12.0891
328.333,12.1254
328.328,12.1617
328.323,12.1981
328.318,12.2345
328.313,12.271
328.308,12.3075
328.304,12.3441
328.299,12.3807
328.294,12.4173
328.289,12.454
328.284,12.4907
328.279,12.5275
328.274,12.5643
328.269,12.6012
328.264,12.638
328.259,12.675
328.254,12.7119
328.249,12.749
328.244,12.786
328.239,12.8231
328.234,12.8602
328.229,12.8974
328.223,12.9347
328.218,12.9719
328.213,13.0092
328.208,13.0466
328.203,13.084
328.198,13.1214
328.192,13.1589
328.187,13.1964
328.182,13.234
328.177,13.2716
328.172,13.3093
328.166,13.347
328.161,13.3847
328.156,13.4225
328.15,13.4603
328.145,13.4982
328.14,13.5361
328.134,13.5741
328.129,13.6121
328.124,13.6502
328.118,13.6883
328.113,13.7264
328.107,13.7646
328.102,13.8028
328.096,13.8411
328.091,13.8794
328.085,13.9178
328.08,13.9562
328.074,13.9947
328.069,14.0332
328.063,14.0717
328.058,14.1103
328.052,14.149
328.046,14.1877
328.041,14.2264
328.035,14.2652
328.029,14.304
328.024,14.3429
328.018,14.3818
328.012,14.4208
328.007,14.4598
328.001,14.4989
327.995,14.538
327.989,14.5771
327.983,14.6163
327.978,14.6556
327.972,14.6949
327.966,14.7342
327.96,14.7736
327.954,14.8131
327.948,14.8526
327.942,14.8921
327.937,14.9317
327.931,14.9713
327.925,15.011
327.919,15.0507
327.913,15.0905
327.907,15.1304
327.901,15.1702
327.895,15.2102
327.888,15.2502
327.882,15.2902
327.876,15.3303
327.87,15.3704
327.864,15.4106
327.858,15.4508
327.852,15.4911
327.845,15.5314
327.839,15.5718
327.833,15.6122
327.827,15.6527
327.821,15.6932
327.814,15.7338
327.808,15.7745
327.802,15.8151
327.795,15.8559
327.789,15.8967
327.783,15.9375
327.776,15.9784
327.77,16.0193
327.763,16.0603
327.757,16.1014
327.75,16.1425
327.744,16.1836
327.737,16.2248
327.731,16.2661
327.724,16.3074
327.718,16.3488
327.711,16.3902
327.705,16.4316
327.698,16.4732
327.691,16.5147
327.685,16.5564
327.678,16.5981
327.671,16.6398
327.664,16.6816
327.658,16.7234
327.651,16.7653
327.644,16.8073
327.637,16.8493
327.631,16.8913
327.624,16.9335
327.617,16.9756
327.61,17.0179
327.603,17.0601
327.596,17.1025
327.589,17.1449
327.582,17.1873
327.575,17.2298
327.568,17.2724
327.561,17.315
327.554,17.3577
327.547,17.4004
327.54,17.4432
327.533,17.486
327.526,17.5289
327.519,17.5719
327.511,17.6149
327.504,17.658
327.497,17.7011
327.49,17.7443
327.483,17.7875
327.475,17.8308
327.468,17.8742
327.461,17.9176
327.453,17.9611
327.446,18.0046
327.438,18.0482
327.431,18.0919
327.424,18.1356
327.416,18.1793
327.409,18.2232
327.401,18.2671
327.394,18.311
327.386,18.355
327.378,18.3991
327.371,18.4432
327.363,18.4874
327.356,18.5317
327.348,18.576
327.34,18.6203
327.333,18.6648
327.325,18.7092
327.317,18.7538
327.309,18.7984
327.301,18.8431
327.294,18.8878
327.286,18.9326
327.278,18.9775
327.27,19.0224
327.262,19.0674
327.254,19.1124
327.246,19.1575
327.238,19.2027
327.23,19.2479
327.222,19.2932
327.214,19.3386
327.206,19.384
327.198,19.4295
327.19,19.4751
327.181,19.5207
327.173,19.5664
327.165,19.6121
327.157,19.6579
327.148,19.7038
327.14,19.7497
327.132,19.7957
327.123,19.8418
327.115,19.8879
327.107,19.9341
327.098,19.9804
327.09,20.0267
327.081,20.0731
327.073,20.1196
327.064,20.1661
327.056,20.2127
327.047,20.2593
327.038,20.3061
327.03,20.3529
327.021,20.3997
327.012,20.4466
327.004,20.4936
326.995,20.5407
326.986,20.5878
326.977,20.635
326.968,20.6823
326.96,20.7296
326.951,20.777
326.942,20.8245
326.933,20.8721
326.924,20.9197
326.915,20.9673
326.906,21.0151
326.897,21.0629
326.888,21.1108
326.878,21.1588
326.869,21.2068
326.86,21.2549
326.851,21.3031
326.842,21.3513
326.832,21.3996
326.823,21.448
326.814,21.4964
326.804,21.545
326.795,21.5936
326.785,21.6422
326.776,21.691
326.767,21.7398
326.757,21.7887
326.748,21.8376
326.738,21.8867
326.728,21.9358
326.719,21.9849
326.709,22.0342
326.699,22.0835
326.69,22.1329
326.68,22.1824
326.67,22.2319
326.66,22.2815
326.65,22.3312
326.64,22.381
326.631,22.4308
326.621,22.4808
326.611,22.5308
326.601,22.5808
326.59,22.631
326.58,22.6812
326.57,22.7315
326.56,22.7819
326.55,22.8323
326.54,22.8828
326.529,22.9334
326.519,22.9841
326.509,23.0349
326.499,23.0857
326.488,23.1366
326.478,23.1876
326.467,23.2387
326.457,23.2898
326.446,23.3411
326.436,23.3924
326.425,23.4438
326.414,23.4952
326.404,23.5468
326.393,23.5984
326.382,23.6501
326.372,23.7019
326.361,23.7537
326.35,23.8057
326.339,23.8577
326.328,23.9098
326.317,23.962
326.306,24.0143
326.295,24.0666
326.284,24.119
326.273,24.1715
326.262,24.2241
326.251,24.2768
326.239,24.3296
326.228,24.3824
326.217,24.4353
326.205,24.4884
326.194,24.5414
326.183,24.5946
326.171,24.6479
326.16,24.7012
326.148,24.7546
326.137,24.8082
326.125,24.8618
326.113,24.9154
326.102,24.9692
326.09,25.0231
326.078,25.077
326.066,25.131
326.055,25.1851
326.043,25.2393
326.031,25.2936
326.019,25.348
326.007,25.4024
325.995,25.457
325.983,25.5116
325.97,25.5663
325.958,25.6211
325.946,25.676
325.934,25.731
325.921,25.7861
325.909,25.8412
325.897,25.8965
325.884,25.9518
325.872,26.0073
325.859,26.0628
325.847,26.1184
325.834,26.1741
325.821,26.2299
325.809,26.2858
325.796,26.3417
325.783,26.3978
325.77,26.4539
325.757,26.5102
325.745,26.5665
325.732,26.623
325.719,26.6795
325.705,26.7361
325.692,26.7928
325.679,26.8496
325.666,26.9065
325.653,26.9635
325.639,27.0206
325.626,27.0777
325.613,27.135
325.599,27.1924
325.586,27.2498
325.572,27.3074
325.559,27.365
325.545,27.4228
325.531,27.4806
325.517,27.5386
325.504,27.5966
325.49,27.6547
325.476,27.7129
325.462,27.7713
325.448,27.8297
325.434,27.8882
325.42,27.9468
325.406,28.0055
325.392,28.0643
325.377,28.1233
325.363,28.1823
325.349,28.2414
325.334,28.3006
325.32,28.3599
325.305,28.4193
325.291,28.4788
325.276,28.5384
325.261,28.5981
325.247,28.6579
325.232,28.7178
325.217,28.7778
325.202,28.8379
325.187,28.8982
325.172,28.9585
325.157,29.0189
325.142,29.0794
325.127,29.14
325.111,29.2008
325.096,29.2616
325.081,29.3225
325.065,29.3836
325.05,29.4447
325.034,29.506
325.019,29.5673
325.003,29.6288
324.987,29.6903
324.972,29.752
324.956,29.8138
324.94,29.8756
324.924,29.9376
324.908,29.9997
324.892,30.0619
324.876,30.1242
324.86,30.1866
324.843,30.2492
324.827,30.3118
324.811,30.3745
324.794,30.4374
324.778,30.5003
324.761,30.5634
324.745,30.6265
324.728,30.6898
324.711,30.7532
324.694,30.8167
324.677,30.8803
324.66,30.9441
324.643,31.0079
324.626,31.0718
324.609,31.1359
324.592,31.2
324.575,31.2643
324.557,31.3287
324.54,31.3932
324.522,31.4578
324.505,31.5226
324.487,31.5874
324.469,31.6524
324.452,31.7174
324.434,31.7826
324.416,31.8479
324.398,31.9133
324.38,31.9788
324.362,32.0445
324.343,32.1102
324.325,32.1761
324.307,32.2421
324.288,32.3082
324.27,32.3744
324.251,32.4408
324.233,32.5072
324.214,32.5738
324.195,32.6405
324.176,32.7073
324.157,32.7742
324.138,32.8413
324.119,32.9084
324.1,32.9757
324.08,33.0431
324.061,33.1106
324.042,33.1783
324.022,33.246
324.003,33.3139
323.983,33.3819
323.963,33.45
323.943,33.5183
323.923,33.5867
323.903,33.6551
323.883,33.7238
323.863,33.7925
323.843,33.8613
323.822,33.9303
323.802,33.9994
323.781,34.0687
323.761,34.138
323.74,34.2075
323.719,34.2771
323.699,34.3468
323.678,34.4166
323.657,34.4866
323.635,34.5567
323.614,34.6269
323.593,34.6973
323.571,34.7678
323.55,34.8384
323.528,34.9091
323.507,34.9799
323.485,35.0509
323.463,35.122
323.441,35.1933
323.419,35.2646
323.397,35.3361
323.375,35.4078
323.352,35.4795
323.33,35.5514
323.307,35.6234
323.285,35.6955
323.262,35.7678
323.239,35.8402
323.216,35.9127
323.193,35.9854
323.17,36.0582
323.147,36.1311
323.123,36.2042
323.1,36.2774
323.076,36.3507
323.053,36.4241
323.029,36.4977
323.005,36.5715
322.981,36.6453
322.957,36.7193
322.933,36.7934
322.908,36.8677
322.884,36.9421
322.859,37.0166
322.835,37.0912
322.81,37.166
322.785,37.241
322.76,37.316
322.735,37.3912
322.71,37.4666
322.684,37.542
322.659,37.6176
322.633,37.6934
322.608,37.7693
322.582,37.8453
322.556,37.9215
322.53,37.9978
322.504,38.0742
322.478,38.1508
322.451,38.2275
322.425,38.3043
322.398,38.3813
322.371,38.4585
322.344,38.5357
322.317,38.6131
322.29,38.6907
322.263,38.7684
322.236,38.8462
322.208,38.9242
322.18,39.0023
322.153,39.0806
322.125,39.159
322.097,39.2375
322.068,39.3162
322.04,39.395
322.012,39.474
321.983,39.5531
321.954,39.6323
321.925,39.7117
321.896,39.7913
321.867,39.871
321.838,39.9508
321.808,40.0308
321.779,40.1109
321.749,40.1912
321.719,40.2716
321.689,40.3521
321.659,40.4328
321.629,40.5137
321.598,40.5947
321.568,40.6758
321.537,40.7571
321.506,40.8385
321.475,40.9201
321.443,41.0018
321.412,41.0837
321.381,41.1657
321.349,41.2479
321.317,41.3302
321.285,41.4126
321.253,41.4952
321.22,41.578
321.188,41.6609
321.155,41.744
321.122,41.8272
321.089,41.9105
321.056,41.994
321.023,42.0777
320.989,42.1615
320.955,42.2454
320.922,42.3295
320.887,42.4138
320.853,42.4982
320.819,42.5827
320.784,42.6674
320.749,42.7523
320.714,42.8373
320.679,42.9224
320.644,43.0078
320.608,43.0932
320.573,43.1788
320.537,43.2646
320.501,43.3505
320.465,43.4366
320.428,43.5228
320.391,43.6092
320.355,43.6957
320.318,43.7823
320.28,43.8692
320.243,43.9562
320.205,44.0433
320.167,44.1306
320.129,44.218
320.091,44.3056
320.052,44.3934
320.014,44.4813
319.975,44.5693
319.936,44.6575
319.896,44.7459
319.857,44.8344
319.817,44.9231
319.777,45.0119
319.737,45.1009
319.696,45.19
319.656,45.2793
319.615,45.3687
319.574,45.4583
319.532,45.5481
319.491,45.638
319.449,45.728
319.407,45.8182
319.365,45.9086
319.322,45.9991
319.279,46.0898
319.236,46.1806
319.193,46.2716
319.15,46.3628
319.106,46.4541
319.062,46.5455
319.018,46.6371
318.973,46.7289
318.928,46.8208
318.883,46.9129
318.838,47.0051
318.792,47.0975
318.746,47.19
318.7,47.2827
318.654,47.3755
318.607,47.4685
318.56,47.5617
318.513,47.655
318.466,47.7484
318.418,47.8421
318.37,47.9358
318.321,48.0298
318.273,48.1238
318.224,48.2181
318.175,48.3124
318.125,48.407
318.075,48.5017
318.025,48.5965
317.975,48.6915
317.924,48.7867
317.873,48.882
317.821,48.9774
317.77,49.0731
317.718,49.1688
317.665,49.2647
317.613,49.3608
317.56,49.457
317.506,49.5534
317.453,49.6499
317.399,49.7466
317.344,49.8434
317.29,49.9404
317.235,50.0376
317.179,50.1348
317.124,50.2323
317.067,50.3299
317.011,50.4276
316.954,50.5255
316.897,50.6235
316.839,50.7217
316.782,50.82
316.723,50.9185
316.665,51.0171
316.605,51.1159
316.546,51.2148
316.486,51.3139
316.426,51.4131
316.365,51.5125
316.304,51.612
316.243,51.7117
316.181,51.8115
316.119,51.9114
316.056,52.0115
315.993,52.1118
315.929,52.2121
315.865,52.3127
315.801,52.4133
315.736,52.5141
315.671,52.6151
315.605,52.7162
315.539,52.8174
315.472,52.9188
315.405,53.0203
315.338,53.122
315.27,53.2238
315.201,53.3257
315.132,53.4278
315.063,53.53
314.993,53.6323
314.922,53.7348
314.852,53.8374
314.78,53.9402
314.708,54.0431
314.636,54.1461
314.563,54.2493
314.489,54.3525
314.415,54.456
314.341,54.5595
314.266,54.6632
314.19,54.767
314.114,54.8709
314.037,54.975
313.96,55.0792
313.882,55.1835
313.804,55.288
313.725,55.3925
313.645,55.4972
313.565,55.602
313.484,55.707
313.403,55.812
313.321,55.9172
313.238,56.0225
313.155,56.1279
313.071,56.2335
312.986,56.3391
312.901,56.4449
312.815,56.5508
312.729,56.6568
312.642,56.7629
312.554,56.8691
312.466,56.9754
312.377,57.0818
312.287,57.1884
312.196,57.295
312.105,57.4018
312.013,57.5087
311.92,57.6156
311.827,57.7227
311.733,57.8299
311.638,57.9371
311.542,58.0445
311.446,58.152
311.349,58.2595
311.251,58.3672
311.152,58.4749
311.052,58.5827
310.952,58.6907
310.851,58.7987
310.749,58.9068
310.646,59.015
310.542,59.1232
310.438,59.2316
310.332,59.34
310.226,59.4485
310.119,59.5571
310.011,59.6658
309.902,59.7745
309.792,59.8833
309.681,59.9922
309.57,60.1011
309.457,60.2101
309.343,60.3192
309.229,60.4284
309.113,60.5376
308.996,60.6468
308.879,60.7561
308.76,60.8655
308.641,60.9749
308.52,61.0844
308.398,61.1939
308.275,61.3035
308.152,61.4131
308.027,61.5227
307.901,61.6324
307.773,61.7422
307.645,61.8519
307.516,61.9617
307.385,62.0715
307.253,62.1814
307.12,62.2913
306.986,62.4012
306.851,62.5111
306.714,62.621
306.576,62.731
306.437,62.8409
306.296,62.9509
306.155,63.0609
306.012,63.1709
305.867,63.2809
305.722,63.3908
305.575,63.5008
305.426,63.6108
305.276,63.7207
305.125,63.8307
304.972,63.9406
304.818,64.0505
304.663,64.1603
304.506,64.2702
304.347,64.38
304.187,64.4897
304.025,64.5995
303.862,64.7092
303.698,64.8188
303.531,64.9284
303.363,65.0379
303.194,65.1474
303.022,65.2568
302.849,65.3662
302.675,65.4755
302.498,65.5847
302.32,65.6938
302.14,65.8029
301.959,65.9118
301.775,66.0207
301.59,66.1295
301.402,66.2381
301.213,66.3467
301.022,66.4551
300.829,66.5635
300.634,66.6717
300.438,66.7798
300.239,66.8878
300.038,66.9956
299.835,67.1033
299.63,67.2108
299.422,67.3182
299.213,67.4254
299.001,67.5325
298.788,67.6394
298.572,67.7462
298.353,67.8527
298.133,67.9591
297.91,68.0652
297.685,68.1712
297.457,68.277
297.227,68.3826
296.995,68.4879
296.76,68.593
296.523,68.6979
296.283,68.8026
296.041,68.907
295.796,69.0111
295.548,69.115
295.298,69.2187
295.045,69.322
294.789,69.4251
294.53,69.5279
294.269,69.6304
294.005,69.7326
293.738,69.8344
293.468,69.936
293.195,70.0372
292.92,70.1381
292.641,70.2386
292.359,70.3388
292.074,70.4386
291.786,70.5381
291.495,70.6372
291.201,70.7358
290.903,70.8341
290.603,70.932
290.299,71.0294
289.991,71.1264
289.68,71.223
289.366,71.3191
289.049,71.4148
288.728,71.51
288.403,71.6047
288.075,71.6989
287.743,71.7927
287.408,71.8859
287.069,71.9785
286.727,72.0707
286.38,72.1623
286.03,72.2533
285.676,72.3438
285.319,72.4336
284.957,72.5229
284.592,72.6116
284.222,72.6996
283.849,72.787
283.472,72.8738
283.09,72.9599
282.705,73.0453
282.315,73.13
281.922,73.2141
281.524,73.2974
281.122,73.38
280.716,73.4618
280.306,73.5429
279.891,73.6232
279.473,73.7028
279.05,73.7815
278.622,73.8594
278.191,73.9365
277.755,74.0128
277.315,74.0882
276.87,74.1627
276.421,74.2363
275.968,74.309
275.51,74.3808
275.048,74.4517
274.581,74.5216
274.111,74.5906
273.635,74.6585
273.156,74.7255
272.672,74.7914
272.184,74.8564
271.691,74.9202
271.194,74.9831
270.693,75.0448
270.187,75.1054
269.678,75.165
269.164,75.2234
268.646,75.2807
268.123,75.3368
267.597,75.3917
267.066,75.4455
266.532,75.4981
265.993,75.5494
265.451,75.5995
264.905,75.6484
264.354,75.696
263.801,75.7423
263.243,75.7873
262.682,75.8311
262.117,75.8735
261.549,75.9146
260.977,75.9543
260.402,75.9927
259.824,76.0297
259.243,76.0653
258.659,76.0996
258.072,76.1324
257.482,76.1638
256.889,76.1938
256.294,76.2223
255.696,76.2494
255.096,76.275
254.494,76.2992
253.889,76.3219
253.283,76.3431
252.674,76.3628
252.064,76.381
251.452,76.3977
250.839,76.4129
250.224,76.4265
249.609,76.4387
248.992,76.4493
248.374,76.4584
247.755,76.4659
247.136,76.4719
246.516,76.4764
245.896,76.4793
245.276,76.4807
244.655,76.4805
244.035,76.4788
243.415,76.4755
242.795,76.4707
242.176,76.4643
241.558,76.4564
240.94,76.447
240.323,76.4361
239.707,76.4236
239.093,76.4096
238.48,76.394
237.868,76.377
237.258,76.3584
236.65,76.3384
236.044,76.3168
235.44,76.2938
234.838,76.2693
234.238,76.2433
233.64,76.2159
233.045,76.187
232.453,76.1567
231.864,76.1249
231.277,76.0918
230.693,76.0572
230.112,76.0212
229.535,75.9839
228.96,75.9451
228.389,75.9051
227.821,75.8636
227.257,75.8209
226.696,75.7768
226.139,75.7314
225.586,75.6848
225.036,75.6368
224.49,75.5877
223.948,75.5372
223.41,75.4855
222.876,75.4326
222.346,75.3786
221.821,75.3233
221.299,75.2668
220.781,75.2092
220.268,75.1505
219.759,75.0906
219.254,75.0296
218.753,74.9676
218.257,74.9044
217.765,74.8402
217.277,74.775
216.794,74.7087
216.315,74.6414
215.84,74.5731
215.37,74.5039
214.904,74.4336
214.442,74.3625
213.985,74.2903
213.533,74.2173
213.084,74.1434
212.64,74.0685
212.2,73.9928
211.765,73.9163
211.334,73.8389
210.907,73.7606
210.485,73.6816
210.067,73.6017
209.653,73.5211
209.243,73.4397
208.837,73.3575
208.436,73.2746
208.039,73.191
207.646,73.1066
207.257,73.0216
206.872,72.9358
206.491,72.8494
206.114,72.7623
205.741,72.6746
205.372,72.5863
205.007,72.4973
204.646,72.4077
204.289,72.3175
203.936,72.2268
203.586,72.1354
203.24,72.0435
202.898,71.9511
202.56,71.8581
202.225,71.7645
201.893,71.6705
201.566,71.576
201.242,71.4809
200.921,71.3854
200.604,71.2895
200.29,71.193
199.98,71.0961
199.673,70.9988
199.369,70.901
199.069,70.8028
198.772,70.7042
198.478,70.6052
198.187,70.5059
197.899,70.4061
197.615,70.3059
197.333,70.2054
197.055,70.1046
196.779,70.0034
196.507,69.9018
196.237,69.7999
195.971,69.6977
195.707,69.5952
195.446,69.4924
195.188,69.3893
194.932,69.2859
194.68,69.1822
194.43,69.0783
194.182,68.974
193.937,68.8695
193.695,68.7648
193.456,68.6598
193.219,68.5546
192.984,68.4492
192.752,68.3435
192.522,68.2376
192.295,68.1315
192.07,68.0252
191.847,67.9187
191.627,67.812
191.409,67.7051
191.193,67.598
190.979,67.4908
190.768,67.3834
190.559,67.2758
190.352,67.1681
190.147,67.0602
189.944,66.9521
189.743,66.844
189.545,66.7357
189.348,66.6272
189.153,66.5187
188.96,66.41
188.769,66.3012
188.58,66.1923
188.393,66.0833
188.208,65.9741
188.025,65.8649
187.843,65.7556
187.663,65.6462
187.485,65.5368
187.309,65.4272
187.134,65.3176
186.962,65.2079
186.79,65.0981
186.621,64.9883
186.453,64.8784
186.287,64.7684
186.122,64.6584
185.959,64.5484
185.797,64.4383
185.637,64.3282
185.479,64.218
185.322,64.1078
185.166,63.9976
185.012,63.8873
184.86,63.7771
184.709,63.6668
184.559,63.5564
184.41,63.4461
184.263,63.3358
184.118,63.2255
183.973,63.1151
183.83,63.0048
183.689,62.8944
183.548,62.7841
183.409,62.6738
183.271,62.5634
183.135,62.4531
182.999,62.3429
182.865,62.2326
182.732,62.1223
182.6,62.0121
182.47,61.9019
182.34,61.7918
182.212,61.6816
182.085,61.5715
181.959,61.4615
181.834,61.3514
181.71,61.2415
181.587,61.1315
181.465,61.0216
181.344,60.9118
181.225,60.802
181.106,60.6923
180.988,60.5826
180.872,60.4729
180.756,60.3634
180.642,60.2538
180.528,60.1444
180.415,60.035
180.303,59.9257
180.193,59.8164
180.083,59.7072
179.974,59.5981
179.865,59.4891
179.758,59.3801
179.652,59.2712
179.546,59.1624
179.442,59.0537
179.338,58.9451
179.235,58.8365
179.133,58.728
179.032,58.6196
178.931,58.5113
178.832,58.4031
178.733,58.295
178.635,58.187
178.538,58.079
178.441,57.9712
178.345,57.8634
178.25,57.7558
178.156,57.6482
178.063,57.5408
177.97,57.4334
177.878,57.3262
177.786,57.2191
177.696,57.112
177.606,57.0051
177.517,56.8983
177.428,56.7916
177.34,56.685
177.253,56.5785
177.166,56.4721
177.08,56.3658
176.995,56.2597
176.911,56.1536
176.827,56.0477
176.743,55.9419
176.66,55.8362
176.578,55.7307
176.497,55.6252
176.416,55.5199
176.336,55.4147
176.256,55.3096
176.177,55.2047
176.098,55.0999
176.02,54.9952
175.943,54.8906
175.866,54.7861
175.789,54.6818
175.714,54.5776
175.638,54.4736
175.564,54.3696
175.49,54.2658
175.416,54.1622
175.343,54.0586
175.27,53.9552
175.198,53.852
175.127,53.7488
175.055,53.6458
174.985,53.543
174.915,53.4402
174.845,53.3376
174.776,53.2352
174.707,53.1329
174.639,53.0307
174.571,52.9287
174.504,52.8268
174.437,52.725
174.371,52.6234
174.305,52.5219
174.24,52.4206
174.175,52.3194
174.11,52.2183
174.046,52.1174
173.982,52.0167
173.919,51.916
173.856,51.8156
173.793,51.7152
173.731,51.6151
173.67,51.515
173.609,51.4151
173.548,51.3154
173.487,51.2158
173.427,51.1163
173.368,51.017
173.308,50.9179
173.249,50.8189
173.191,50.72
173.133,50.6213
173.075,50.5228
173.018,50.4244
172.96,50.3261
172.904,50.228
172.847,50.13
172.792,50.0322
172.736,49.9346
172.681,49.8371
172.626,49.7397
172.571,49.6425
172.517,49.5455
172.463,49.4486
172.409,49.3518
172.356,49.2552
172.303,49.1588
172.251,49.0625
172.349,49.0062
172.454,48.9659
172.558,48.9248
172.662,48.883
172.765,48.8404
172.869,48.797
172.972,48.753
173.074,48.7081
173.177,48.6626
173.279,48.6163
173.381,48.5692
173.482,48.5214
173.583,48.4729
173.684,48.4236
173.784,48.3736
173.884,48.3229
173.984,48.2715
174.083,48.2193
174.182,48.1664
174.281,48.1128
174.379,48.0585
174.477,48.0035
174.574,47.9477
174.671,47.8913
174.768,47.8341
174.864,47.7762
174.96,47.7177
175.055,47.6584
175.15,47.5985
175.245,47.5378
175.339,47.4765
175.432,47.4144
175.526,47.3517
175.618,47.2883
175.711,47.2243
175.802,47.1595
175.894,47.0941
175.985,47.0281
176.075,46.9613
176.165,46.8939
176.254,46.8259
176.343,46.7572
176.432,46.6878
176.52,46.6178
176.607,46.5471
176.694,46.4758
176.781,46.4039
176.866,46.3314
176.952,46.2582
177.037,46.1843
177.121,46.1099
177.205,46.0349
177.288,45.9592
177.371,45.8829
177.453,45.806
177.534,45.7285
177.615,45.6504
177.696,45.5717
177.776,45.4925
177.855,45.4126
177.934,45.3322
178.012,45.2511
178.089,45.1695
178.166,45.0874
178.242,45.0046
178.318,44.9213
178.393,44.8375
178.468,44.7531
178.542,44.6681
178.615,44.5826
178.687,44.4966
178.759,44.41
178.831,44.3229
178.902,44.2353
178.972,44.1471
179.041,44.0584
179.11,43.9692
179.178,43.8795
179.245,43.7893
179.312,43.6986
179.378,43.6075
179.444,43.5158
179.509,43.4236
179.573,43.331
179.636,43.2379
179.699,43.1443
179.761,43.0502
179.822,42.9557
179.883,42.8607
179.943,42.7653
180.002,42.6695
180.061,42.5732
180.119,42.4764
180.176,42.3793
180.232,42.2817
180.288,42.1837
180.343,42.0853
180.397,41.9864
180.45,41.8872
180.503,41.7876
180.555,41.6876
180.606,41.5872
180.657,41.4864
180.707,41.3852
180.756,41.2837
180.804,41.1818
180.852,41.0795
180.898,40.9769
180.944,40.874
180.99,40.7707
181.034,40.667
181.078,40.5631
181.121,40.4588
181.163,40.3542
181.204,40.2492
181.245,40.144
181.285,40.0385
181.324,39.9326
181.362,39.8265
181.399,39.7201
181.436,39.6134
181.472,39.5064
181.507,39.3992
181.541,39.2917
181.574,39.1839
181.607,39.0759
181.639,38.9677
181.67,38.8592
181.7,38.7505
181.729,38.6415
181.758,38.5324
181.786,38.423
181.813,38.3134
181.839,38.2036
181.864,38.0936
181.888,37.9835
181.912,37.8731
181.935,37.7626
181.957,37.6519
181.978,37.541
181.998,37.43
182.018,37.3188
182.036,37.2075
182.054,37.096
182.071,36.9844
182.087,36.8727
182.102,36.7609
182.117,36.6489
182.13,36.5368
182.143,36.4247
182.155,36.3124
182.166,36.2
182.176,36.0876
182.185,35.9751
182.194,35.8625
182.202,35.7498
182.208,35.6371
182.214,35.5244
182.219,35.4116
182.224,35.2987
182.227,35.1859
182.229,35.073
182.231,34.9601
182.232,34.8471
182.232,34.7342
182.231,34.6213
182.229,34.5083
182.227,34.3954
182.223,34.2825
182.219,34.1697
182.213,34.0568
182.207,33.944
182.201,33.8313
182.193,33.7186
182.184,33.606
182.175,33.4934
182.164,33.3809
182.153,33.2685
182.141,33.1561
182.128,33.0439
182.114,32.9318
182.1,32.8197
182.084,32.7078
182.068,32.596
182.051,32.4843
182.033,32.3728
182.014,32.2613
181.994,32.1501
181.973,32.0389
181.952,31.928
181.93,31.8172
181.907,31.7065
181.883,31.5961
181.858,31.4858
181.832,31.3757
181.806,31.2659
181.778,31.1562
181.75,31.0467
181.721,30.9374
181.691,30.8284
181.66,30.7196
181.629,30.611
181.596,30.5027
181.563,30.3946
181.529,30.2868
181.494,30.1792
181.458,30.0719
181.422,29.9649
181.385,29.8581
181.346,29.7517
181.307,29.6455
181.268,29.5396
181.227,29.4341
181.185,29.3288
181.143,29.2239
181.1,29.1193
181.056,29.015
181.012,28.911
180.966,28.8074
180.92,28.7042
180.873,28.6013
180.825,28.4988
180.776,28.3966
180.727,28.2948
180.676,28.1934
180.625,28.0924
180.573,27.9917
180.521,27.8915
180.467,27.7917
180.413,27.6922
180.358,27.5932
180.303,27.4947
180.246,27.3965
180.189,27.2988
180.131,27.2015
180.072,27.1047
180.013,27.0083
179.952,26.9124
179.891,26.817
179.83,26.722
179.767,26.6275
179.704,26.5335
179.64,26.44
179.575,26.3469
179.51,26.2544
179.444,26.1624
179.377,26.0708
179.309,25.9798
179.241,25.8894
179.172,25.7994
179.102,25.71
179.032,25.6211
178.961,25.5328
178.889,25.445
178.817,25.3578
178.743,25.2711
178.67,25.185
178.595,25.0995
178.52,25.0146
178.444,24.9302
178.368,24.8464
178.29,24.7633
178.213,24.6807
178.134,24.5987
178.055,24.5173
177.975,24.4366
177.895,24.3565
177.814,24.277
177.732,24.1981
177.65,24.1198
177.567,24.0422
177.483,23.9653
177.399,23.889
177.314,23.8133
177.229,23.7384
177.143,23.664
177.057,23.5904
176.97,23.5174
176.882,23.4451
176.794,23.3735
176.705,23.3026
176.615,23.2323
176.525,23.1628
176.435,23.094
176.344,23.0258
176.252,22.9584
176.16,22.8917
176.068,22.8257
175.974,22.7605
175.881,22.696
175.786,22.6322
175.692,22.5691
175.596,22.5068
175.501,22.4452
175.404,22.3844
175.308,22.3244
175.21,22.2651
175.113,22.2065
175.015,22.1487
174.916,22.0917
174.817,22.0355
174.717,21.9801
174.617,21.9254
174.517,21.8715
174.416,21.8184
174.315,21.7661
174.213,21.7146
174.111,21.6639
174.008,21.614
173.905,21.5649
173.802,21.5166
173.698,21.4691
173.594,21.4224
173.49,21.3766
173.385,21.3316
173.279,21.2874
173.174,21.244
173.068,21.2015
172.962,21.1598
172.855,21.1189
172.748,21.0789
172.641,21.0398
172.533,21.0014
172.425,20.964
172.317,20.9273
172.208,20.8916
172.099,20.8567
171.99,20.8226
171.88,20.7895
171.771,20.7571
171.661,20.7257
171.55,20.6951
171.44,20.6654
171.329,20.6366
171.218,20.6087
171.107,20.5816
170.995,20.5554
170.883,20.5301
170.772,20.5057
170.659,20.4822
170.547,20.4595
170.434,20.4378
170.322,20.4169
170.209,20.397
170.096,20.3779
169.982,20.3598
169.869,20.3425
169.755,20.3261
169.642,20.3107
169.528,20.2961
169.414,20.2825
169.3,20.2698
169.185,20.258
169.071,20.247
168.956,20.237
168.842,20.228
168.727,20.2198
168.612,20.2125
168.498,20.2062
168.383,20.2008
168.268,20.1962
168.153,20.1927
168.038,20.19
167.923,20.1882
167.807,20.1874
167.692,20.1875
167.577,20.1885
167.462,20.1904
167.347,20.1933
167.231,20.1971
167.116,20.2018
167.001,20.2074
166.886,20.214
166.771,20.2214
166.656,20.2298
166.541,20.2391
166.426,20.2494
166.311,20.2605
166.196,20.2726
166.081,20.2857
165.966,20.2996
165.852,20.3144
165.737,20.3302
165.623,20.3469
165.509,20.3646
165.394,20.3831
165.28,20.4026
165.166,20.4229
165.053,20.4442
164.939,20.4665
164.825,20.4896
164.712,20.5136
164.599,20.5386
164.486,20.5645
164.373,20.5913
164.261,20.619
164.148,20.6476
164.036,20.6771
163.924,20.7076
163.812,20.7389
163.701,20.7711
163.589,20.8043
163.478,20.8383
163.368,20.8733
163.257,20.9091
163.147,20.9459
162.911,20.9966
162.902,20.9484
162.892,20.9003
162.882,20.8523
162.872,20.8043
162.863,20.7564
162.853,20.7086
162.843,20.6608
162.834,20.6131
162.824,20.5655
162.814,20.5179
162.805,20.4705
162.795,20.423
162.786,20.3757
162.776,20.3284
162.767,20.2812
162.758,20.2341
162.748,20.187
162.739,20.14
162.729,20.093
162.72,20.0462
162.711,19.9994
162.702,19.9526
162.692,19.9059
162.683,19.8593
162.674,19.8128
162.665,19.7663
162.656,19.7199
162.647,19.6736
162.638,19.6273
162.628,19.5811
162.619,19.5349
162.61,19.4889
162.601,19.4428
162.592,19.3969
162.584,19.351
162.575,19.3052
162.566,19.2594
162.557,19.2137
162.548,19.1681
162.539,19.1225
162.53,19.077
162.522,19.0316
162.513,18.9862
162.504,18.9409
162.496,18.8957
162.487,18.8505
162.478,18.8054
162.47,18.7603
162.461,18.7153
162.452,18.6704
162.444,18.6255
162.435,18.5807
162.427,18.5359
162.418,18.4912
162.41,18.4466
162.401,18.4021
162.393,18.3575
162.385,18.3131
162.376,18.2687
162.368,18.2244
162.36,18.1801
162.351,18.1359
162.343,18.0918
162.335,18.0477
162.327,18.0037
162.318,17.9597
162.31,17.9158
162.302,17.872
162.294,17.8282
162.286,17.7845
162.278,17.7408
162.269,17.6972
162.261,17.6536
162.253,17.6102
162.245,17.5667
162.237,17.5234
162.229,17.48
162.221,17.4368
162.213,17.3936
162.205,17.3504
162.198,17.3073
162.19,17.2643
162.182,17.2213
162.174,17.1784
162.166,17.1356
162.158,17.0928
162.151,17.05
162.143,17.0073
162.135,16.9647
162.127,16.9221
162.12,16.8796
162.112,16.8371
162.104,16.7947
162.097,16.7524
162.089,16.7101
162.081,16.6678
162.074,16.6257
162.066,16.5835
162.059,16.5415
162.051,16.4994
162.044,16.4575
162.036,16.4155
162.029,16.3737
162.021,16.3319
162.014,16.2901
162.006,16.2484
161.999,16.2068
161.992,16.1652
161.984,16.1237
161.977,16.0822
161.97,16.0407
161.962,15.9994
161.955,15.958
161.948,15.9168
161.94,15.8755
161.933,15.8344
161.926,15.7933
161.919,15.7522
161.912,15.7112
161.904,15.6702
161.897,15.6293
161.89,15.5885
161.883,15.5477
161.876,15.5069
161.869,15.4662
161.862,15.4256
161.855,15.385
161.848,15.3444
161.841,15.3039
161.834,15.2635
161.827,15.2231
161.82,15.1827
161.813,15.1424
161.806,15.1022
161.799,15.062
161.792,15.0218
161.785,14.9818
161.779,14.9417
161.772,14.9017
161.765,14.8618
161.758,14.8219
161.751,14.782
161.744,14.7422
161.738,14.7025
161.731,14.6628
161.724,14.6231
161.718,14.5835
161.711,14.5439
161.704,14.5044
161.697,14.465
161.691,14.4256
161.684,14.3862
161.678,14.3469
161.671,14.3076
161.664,14.2684
161.658,14.2292
161.651,14.1901
161.645,14.151
161.638,14.112
161.632,14.073
161.625,14.0341
161.619,13.9952
161.612,13.9563
161.606,13.9175
161.599,13.8788
161.593,13.8401
161.587,13.8014
161.58,13.7628
161.574,13.7242
161.567,13.6857
161.561,13.6472
161.555,13.6088
161.549,13.5704
161.542,13.5321
161.536,13.4938
161.53,13.4555
161.523,13.4173
161.517,13.3791
161.511,13.341
161.505,13.303
161.499,13.2649
161.492,13.2269
161.486,13.189
161.48,13.1511
161.474,13.1133
161.468,13.0755
161.462,13.0377
161.456,13
161.449,12.9623
161.443,12.9247
161.437,12.8871
161.431,12.8495
161.425,12.812
161.419,12.7746
161.413,12.7372
161.407,12.6998
161.401,12.6625
161.395,12.6252
161.389,12.5879
161.383,12.5507
161.377,12.5136
161.372,12.4765
161.366,12.4394
161.36,12.4024
161.354,12.3654
161.348,12.3284
161.342,12.2915
161.336,12.2547
161.331,12.2178
161.325,12.1811
161.319,12.1443
161.313,12.1076
161.307,12.071
161.302,12.0343
161.296,11.9978
161.29,11.9612
161.284,11.9247
161.279,11.8883
161.273,11.8519
161.267,11.8155
161.262,11.7792
161.256,11.7429
161.25,11.7066
161.245,11.6704
161.239,11.6342
161.234,11.5981
161.228,11.562
161.222,11.526
161.217,11.49
161.211,11.454
161.206,11.418
161.2,11.3822
161.195,11.3463
161.189,11.3105
161.184,11.2747
161.178,11.239
161.173,11.2033
161.167,11.1676
161.162,11.132
161.156,11.0964
161.151,11.0609
161.146,11.0254
161.14,10.9899
161.135,10.9545
161.129,10.9191
161.124,10.8837
161.119,10.8484
161.113,10.8131
161.108,10.7779
161.103,10.7427
161.097,10.7075
161.092,10.6724
161.087,10.6373
161.081,10.6022
161.076,10.5672
161.071,10.5322
161.066,10.4973
161.06,10.4624
161.055,10.4275
161.05,10.3927
161.045,10.3579
161.04,10.3232
161.034,10.2884
161.029,10.2537
161.024,10.2191
161.019,10.1845
161.014,10.1499
161.009,10.1154
161.004,10.0809
160.998,10.0464
160.993,10.012
160.988,9.97757
160.983,9.94321
160.978,9.90888
160.973,9.87459
160.968,9.84034
160.963,9.80612
160.958,9.77194
160.953,9.73779
160.948,9.70367
160.943,9.6696
160.938,9.63555
160.933,9.60154
160.928,9.56757
160.923,9.53363
160.918,9.49972
160.913,9.46585
160.908,9.43202
160.903,9.39821
160.898,9.36445
160.894,9.33071
160.889,9.29701
160.884,9.26335
160.879,9.22972
160.874,9.19612
160.869,9.16256
160.864,9.12903
160.86,9.09553
160.855,9.06207
160.85,9.02864
160.845,8.99524
160.84,8.96188
160.836,8.92855
160.831,8.89525
160.826,8.86199
160.821,8.82876
160.817,8.79556
160.812,8.76239
160.807,8.72926
160.802,8.69616
160.798,8.66309
160.793,8.63006
160.788,8.59706
160.784,8.56409
160.779,8.53115
160.774,8.49825
160.77,8.46537
160.765,8.43253
