163.785,34.5002
163.788,34.5007
163.79,34.5011
163.792,34.5016
163.795,34.5021
163.797,34.5025
163.799,34.503
163.802,34.5035
163.804,34.5039
163.806,34.5044
163.809,34.5049
163.811,34.5053
163.813,34.5058
163.816,34.5063
163.818,34.5067
163.82,34.5072
163.823,34.5077
163.825,34.5082
163.827,34.5086
163.83,34.5091
163.832,34.5096
163.834,34.51
163.837,34.5105
163.839,34.511
163.841,34.5114
163.844,34.5119
163.846,34.5124
163.848,34.5128
163.851,34.5133
163.853,34.5138
163.856,34.5142
163.858,34.5147
163.86,34.5152
163.863,34.5156
163.865,34.5161
163.867,34.5166
163.87,34.517
163.872,34.5175
163.874,34.518
163.877,34.5184
163.879,34.5189
163.881,34.5194
163.884,34.5198
163.886,34.5203
163.888,34.5208
163.891,34.5212
163.893,34.5217
163.895,34.5222
163.898,34.5226
163.9,34.5231
163.902,34.5236
163.905,34.524
163.907,34.5245
163.909,34.525
163.912,34.5254
163.914,34.5259
163.916,34.5264
163.919,34.5268
163.921,34.5273
163.924,34.5278
163.926,34.5282
163.928,34.5287
163.931,34.5292
163.933,34.5296
163.935,34.5301
163.938,34.5306
163.94,34.531
163.942,34.5315
163.945,34.5319
163.947,34.5324
163.949,34.5329
163.952,34.5333
163.954,34.5338
163.956,34.5343
163.959,34.5347
163.961,34.5352
163.963,34.5357
163.966,34.5361
163.968,34.5366
163.97,34.5371
163.973,34.5375
163.975,34.538
163.977,34.5384
163.98,34.5389
163.982,34.5394
163.984,34.5398
163.987,34.5403
163.989,34.5408
163.992,34.5412
163.994,34.5417
163.996,34.5422
163.999,34.5426
164.001,34.5431
164.003,34.5435
164.006,34.544
164.008,34.5445
164.01,34.5449
164.013,34.5454
164.015,34.5459
164.017,34.5463
164.02,34.5468
164.022,34.5473
164.024,34.5477
164.027,34.5482
164.029,34.5486
164.031,34.5491
164.034,34.5496
164.036,34.55
164.038,34.5505
164.041,34.551
164.043,34.5514
164.045,34.5519
164.048,34.5523
164.05,34.5528
164.053,34.5533
164.055,34.5537
164.057,34.5542
164.06,34.5546
164.062,34.5551
164.064,34.5556
164.067,34.556
164.069,34.5565
164.071,34.557
164.074,34.5574
164.076,34.5579
164.078,34.5583
164.081,34.5588
164.083,34.5593
164.085,34.5597
164.088,34.5602
164.09,34.5606
164.092,34.5611
164.095,34.5616
164.097,34.562
164.099,34.5625
164.102,34.5629
164.104,34.5634
164.107,34.5639
164.109,34.5643
164.111,34.5648
164.114,34.5652
164.116,34.5657
164.118,34.5662
164.121,34.5666
164.123,34.5671
164.125,34.5675
164.128,34.568
164.13,34.5685
164.132,34.5689
164.135,34.5694
164.137,34.5698
164.139,34.5703
164.142,34.5708
164.144,34.5712
164.146,34.5717
164.149,34.5721
164.151,34.5726
164.153,34.5731
164.156,34.5735
164.158,34.574
164.161,34.5744
164.163,34.5749
164.165,34.5754
164.168,34.5758
164.17,34.5763
164.172,34.5767
164.175,34.5772
164.177,34.5776
164.179,34.5781
164.182,34.5786
164.184,34.579
164.186,34.5795
164.189,34.5799
164.191,34.5804
164.193,34.5809
164.196,34.5813
164.198,34.5818
164.2,34.5822
164.203,34.5827
164.205,34.5831
164.207,34.5836
164.21,34.5841
164.212,34.5845
164.215,34.585
164.217,34.5854
164.219,34.5859
164.222,34.5863
164.224,34.5868
164.226,34.5873
164.229,34.5877
164.231,34.5882
164.233,34.5886
164.236,34.5891
164.238,34.5895
164.24,34.59
164.243,34.5905
164.245,34.5909
164.247,34.5914
164.25,34.5918
164.252,34.5923
164.254,34.5927
164.257,34.5932
164.259,34.5936
164.262,34.5941
164.264,34.5946
164.266,34.595
164.269,34.5955
164.271,34.5959
164.273,34.5964
164.276,34.5968
164.278,34.5973
164.28,34.5978
164.283,34.5982
164.285,34.5987
164.287,34.5991
164.29,34.5996
164.292,34.6
164.294,34.6005
164.297,34.6009
164.299,34.6014
164.301,34.6018
164.304,34.6023
164.306,34.6028
164.309,34.6032
164.311,34.6037
164.313,34.6041
164.316,34.6046
164.318,34.605
164.32,34.6055
164.323,34.6059
164.325,34.6064
164.327,34.6068
164.33,34.6073
164.332,34.6078
164.334,34.6082
164.337,34.6087
164.339,34.6091
164.341,34.6096
164.344,34.61
164.346,34.6105
164.348,34.6109
164.351,34.6114
164.353,34.6118
164.356,34.6123
164.358,34.6127
164.36,34.6132
164.363,34.6137
164.365,34.6141
164.367,34.6146
164.37,34.615
164.372,34.6155
164.374,34.6159
164.377,34.6164
164.379,34.6168
164.381,34.6173
164.384,34.6177
164.386,34.6182
164.388,34.6186
164.391,34.6191
164.393,34.6195
164.396,34.62
164.398,34.6204
164.4,34.6209
164.403,34.6213
164.405,34.6218
164.407,34.6222
164.41,34.6227
164.412,34.6232
164.414,34.6236
164.417,34.6241
164.419,34.6245
164.421,34.625
164.424,34.6254
164.426,34.6259
164.428,34.6263
164.431,34.6268
164.433,34.6272
164.436,34.6277
164.438,34.6281
164.44,34.6286
164.443,34.629
164.445,34.6295
164.447,34.6299
164.45,34.6304
164.452,34.6308
164.454,34.6313
164.457,34.6317
164.459,34.6322
164.461,34.6326
164.464,34.6331
164.466,34.6335
164.468,34.634
164.471,34.6344
164.473,34.6349
164.475,34.6353
164.478,34.6358
164.48,34.6362
164.483,34.6367
164.485,34.6371
164.487,34.6376
164.49,34.638
164.492,34.6385
164.494,34.6389
164.497,34.6394
164.499,34.6398
164.501,34.6403
164.504,34.6407
164.506,34.6412
164.508,34.6416
164.511,34.6421
164.513,34.6425
164.515,34.643
164.518,34.6434
164.52,34.6439
164.523,34.6443
164.525,34.6448
164.527,34.6452
164.53,34.6457
164.532,34.6461
164.534,34.6466
164.537,34.647
164.539,34.6475
164.541,34.6479
164.544,34.6483
164.546,34.6488
164.548,34.6492
164.551,34.6497
164.553,34.6501
164.556,34.6506
164.558,34.651
164.56,34.6515
164.563,34.6519
164.565,34.6524
164.567,34.6528
164.57,34.6533
164.572,34.6537
164.574,34.6542
164.577,34.6546
164.579,34.6551
164.581,34.6555
164.584,34.656
164.586,34.6564
164.588,34.6568
164.591,34.6573
164.593,34.6577
164.596,34.6582
164.598,34.6586
164.6,34.6591
164.603,34.6595
164.605,34.66
164.607,34.6604
164.61,34.6609
164.612,34.6613
164.614,34.6618
164.617,34.6622
164.619,34.6627
164.621,34.6631
164.624,34.6635
164.626,34.664
164.628,34.6644
164.631,34.6649
164.633,34.6653
164.636,34.6658
164.638,34.6662
164.64,34.6667
164.643,34.6671
164.645,34.6676
164.647,34.668
164.65,34.6684
164.652,34.6689
164.654,34.6693
164.657,34.6698
164.659,34.6702
164.661,34.6707
164.664,34.6711
164.666,34.6716
164.669,34.672
164.671,34.6724
164.673,34.6729
164.676,34.6733
164.678,34.6738
164.68,34.6742
164.683,34.6747
164.685,34.6751
164.687,34.6756
164.69,34.676
164.692,34.6764
164.694,34.6769
164.697,34.6773
164.699,34.6778
164.701,34.6782
164.704,34.6787
164.706,34.6791
164.709,34.6795
164.711,34.68
164.713,34.6804
164.716,34.6809
164.718,34.6813
164.72,34.6818
164.723,34.6822
164.725,34.6826
164.727,34.6831
164.73,34.6835
164.732,34.684
164.734,34.6844
164.737,34.6849
164.739,34.6853
164.742,34.6857
164.744,34.6862
164.746,34.6866
164.749,34.6871
164.751,34.6875
164.753,34.688
164.756,34.6884
164.758,34.6888
164.76,34.6893
164.763,34.6897
164.765,34.6902
164.767,34.6906
164.77,34.6911
164.772,34.6915
164.775,34.6919
164.777,34.6924
164.779,34.6928
164.782,34.6933
164.784,34.6937
164.786,34.6941
164.789,34.6946
164.791,34.695
164.793,34.6955
164.796,34.6959
164.798,34.6963
164.8,34.6968
164.803,34.6972
164.805,34.6977
164.808,34.6981
164.81,34.6986
164.812,34.699
164.815,34.6994
164.817,34.6999
164.819,34.7003
164.822,34.7008
164.824,34.7012
164.826,34.7016
164.829,34.7021
164.831,34.7025
164.833,34.703
164.836,34.7034
164.838,34.7038
164.841,34.7043
164.843,34.7047
164.845,34.7052
164.848,34.7056
164.85,34.706
164.852,34.7065
164.855,34.7069
164.857,34.7073
164.859,34.7078
164.862,34.7082
164.864,34.7087
164.866,34.7091
164.869,34.7095
164.871,34.71
164.874,34.7104
164.876,34.7109
164.878,34.7113
164.881,34.7117
164.883,34.7122
164.885,34.7126
164.888,34.7131
164.89,34.7135
164.892,34.7139
164.895,34.7144
164.897,34.7148
164.899,34.7152
164.902,34.7157
164.904,34.7161
164.907,34.7166
164.909,34.717
164.911,34.7174
164.914,34.7179
164.916,34.7183
164.918,34.7187
164.921,34.7192
164.923,34.7196
164.925,34.7201
164.928,34.7205
164.93,34.7209
164.932,34.7214
164.935,34.7218
164.937,34.7222
164.94,34.7227
164.942,34.7231
164.944,34.7236
164.947,34.724
164.949,34.7244
164.951,34.7249
164.954,34.7253
164.956,34.7257
164.958,34.7262
164.961,34.7266
164.963,34.727
164.966,34.7275
164.968,34.7279
164.97,34.7284
164.973,34.7288
164.975,34.7292
164.977,34.7297
164.98,34.7301
164.982,34.7305
164.984,34.731
164.987,34.7314
164.989,34.7318
164.991,34.7323
164.994,34.7327
164.996,34.7331
164.999,34.7336
165.001,34.734
165.003,34.7345
165.006,34.7349
165.008,34.7353
165.01,34.7358
165.013,34.7362
165.015,34.7366
165.017,34.7371
165.02,34.7375
165.022,34.7379
165.025,34.7384
165.027,34.7388
165.029,34.7392
165.032,34.7397
165.034,34.7401
165.036,34.7405
165.039,34.741
165.041,34.7414
165.043,34.7418
165.046,34.7423
165.048,34.7427
165.05,34.7431
165.053,34.7436
165.055,34.744
165.058,34.7444
165.06,34.7449
165.062,34.7453
165.065,34.7457
165.067,34.7462
165.069,34.7466
165.072,34.747
165.074,34.7475
165.076,34.7479
165.079,34.7483
165.081,34.7488
165.084,34.7492
165.086,34.7496
165.088,34.7501
165.091,34.7505
165.093,34.7509
165.095,34.7514
165.098,34.7518
165.1,34.7522
165.102,34.7527
165.105,34.7531
165.107,34.7535
165.109,34.754
165.112,34.7544
165.114,34.7548
165.117,34.7553
165.119,34.7557
165.121,34.7561
165.124,34.7566
165.126,34.757
165.128,34.7574
165.131,34.7578
165.133,34.7583
165.135,34.7587
165.138,34.7591
165.14,34.7596
165.143,34.76
165.145,34.7604
165.147,34.7609
165.15,34.7613
165.152,34.7617
165.154,34.7622
165.157,34.7626
165.159,34.763
165.161,34.7635
165.164,34.7639
165.166,34.7643
165.169,34.7647
165.171,34.7652
165.173,34.7656
165.176,34.766
165.178,34.7665
165.18,34.7669
165.183,34.7673
165.185,34.7678
165.187,34.7682
165.19,34.7686
165.192,34.769
165.194,34.7695
165.197,34.7699
165.199,34.7703
165.202,34.7708
165.204,34.7712
165.206,34.7716
165.209,34.772
165.211,34.7725
165.213,34.7729
165.216,34.7733
165.218,34.7738
165.22,34.7742
165.223,34.7746
165.225,34.7751
165.228,34.7755
165.23,34.7759
165.232,34.7763
165.235,34.7768
165.237,34.7772
165.239,34.7776
165.242,34.7781
165.244,34.7785
165.246,34.7789
165.249,34.7793
165.251,34.7798
165.254,34.7802
165.256,34.7806
165.258,34.781
165.261,34.7815
165.263,34.7819
165.265,34.7823
165.268,34.7828
165.27,34.7832
165.272,34.7836
165.275,34.784
165.277,34.7845
165.28,34.7849
165.282,34.7853
165.284,34.7858
165.287,34.7862
165.289,34.7866
165.291,34.787
165.294,34.7875
165.296,34.7879
165.298,34.7883
165.301,34.7887
165.303,34.7892
165.306,34.7896
165.308,34.79
165.31,34.7904
165.313,34.7909
165.315,34.7913
165.317,34.7917
165.32,34.7922
165.322,34.7926
165.324,34.793
165.327,34.7934
165.329,34.7939
165.332,34.7943
165.334,34.7947
165.336,34.7951
165.339,34.7956
165.341,34.796
165.343,34.7964
165.346,34.7968
165.348,34.7973
165.35,34.7977
165.353,34.7981
165.355,34.7985
165.358,34.799
165.36,34.7994
165.362,34.7998
165.365,34.8002
165.367,34.8007
165.369,34.8011
165.372,34.8015
165.374,34.8019
165.376,34.8024
165.379,34.8028
165.381,34.8032
165.384,34.8036
165.386,34.8041
165.388,34.8045
165.391,34.8049
165.393,34.8053
165.395,34.8058
165.398,34.8062
165.4,34.8066
165.402,34.807
165.405,34.8074
165.407,34.8079
165.41,34.8083
165.412,34.8087
165.414,34.8091
165.417,34.8096
165.419,34.81
165.421,34.8104
165.424,34.8108
165.426,34.8113
165.428,34.8117
165.431,34.8121
165.433,34.8125
165.436,34.813
165.438,34.8134
165.44,34.8138
165.443,34.8142
165.445,34.8146
165.447,34.8151
165.45,34.8155
165.452,34.8159
165.455,34.8163
165.457,34.8168
165.459,34.8172
165.462,34.8176
165.464,34.818
165.466,34.8184
165.469,34.8189
165.471,34.8193
165.473,34.8197
165.476,34.8201
165.478,34.8206
165.481,34.821
165.483,34.8214
165.485,34.8218
165.488,34.8222
165.49,34.8227
165.492,34.8231
165.495,34.8235
165.497,34.8239
165.499,34.8243
165.502,34.8248
165.504,34.8252
165.507,34.8256
165.509,34.826
165.511,34.8264
165.514,34.8269
165.516,34.8273
165.518,34.8277
165.521,34.8281
165.523,34.8286
165.525,34.829
165.528,34.8294
165.53,34.8298
165.533,34.8302
165.535,34.8307
165.537,34.8311
165.54,34.8315
165.542,34.8319
165.544,34.8323
165.547,34.8328
165.549,34.8332
165.552,34.8336
165.554,34.834
165.556,34.8344
165.559,34.8348
165.561,34.8353
165.563,34.8357
165.566,34.8361
165.568,34.8365
165.57,34.8369
165.573,34.8374
165.575,34.8378
165.578,34.8382
165.58,34.8386
165.582,34.839
165.585,34.8395
165.587,34.8399
165.589,34.8403
165.592,34.8407
165.594,34.8411
165.596,34.8416
165.599,34.842
165.601,34.8424
165.604,34.8428
165.606,34.8432
165.608,34.8436
165.611,34.8441
165.613,34.8445
165.615,34.8449
165.618,34.8453
165.62,34.8457
165.623,34.8461
165.625,34.8466
165.627,34.847
165.63,34.8474
165.632,34.8478
165.634,34.8482
165.637,34.8487
165.639,34.8491
165.641,34.8495
165.644,34.8499
165.646,34.8503
165.649,34.8507
165.651,34.8512
165.653,34.8516
165.656,34.852
165.658,34.8524
165.66,34.8528
165.663,34.8532
165.665,34.8537
165.668,34.8541
165.67,34.8545
165.672,34.8549
165.675,34.8553
165.677,34.8557
165.679,34.8562
165.682,34.8566
165.684,34.857
165.686,34.8574
165.689,34.8578
165.691,34.8582
165.694,34.8586
165.696,34.8591
165.698,34.8595
165.701,34.8599
165.703,34.8603
165.705,34.8607
165.708,34.8611
165.71,34.8616
165.713,34.862
165.715,34.8624
165.717,34.8628
165.72,34.8632
165.722,34.8636
165.724,34.864
165.727,34.8645
165.729,34.8649
165.731,34.8653
165.734,34.8657
165.736,34.8661
165.739,34.8665
165.741,34.8669
165.743,34.8674
165.746,34.8678
165.748,34.8682
165.75,34.8686
165.753,34.869
165.755,34.8694
165.758,34.8698
165.76,34.8703
165.762,34.8707
165.765,34.8711
165.767,34.8715
165.769,34.8719
165.772,34.8723
165.774,34.8727
165.776,34.8731
165.779,34.8736
165.781,34.874
165.784,34.8744
165.786,34.8748
165.788,34.8752
165.791,34.8756
165.793,34.876
165.795,34.8765
165.798,34.8769
165.8,34.8773
165.803,34.8777
165.805,34.8781
165.807,34.8785
165.81,34.8789
165.812,34.8793
165.814,34.8798
165.817,34.8802
165.819,34.8806
165.821,34.881
165.824,34.8814
165.826,34.8818
165.829,34.8822
165.831,34.8826
165.833,34.883
165.836,34.8835
165.838,34.8839
165.84,34.8843
165.843,34.8847
165.845,34.8851
165.848,34.8855
165.85,34.8859
165.852,34.8863
165.855,34.8867
165.857,34.8872
165.859,34.8876
165.862,34.888
165.864,34.8884
165.867,34.8888
165.869,34.8892
165.871,34.8896
165.874,34.89
165.876,34.8904
165.878,34.8909
165.881,34.8913
165.883,34.8917
165.885,34.8921
165.888,34.8925
165.89,34.8929
165.893,34.8933
165.895,34.8937
165.897,34.8941
165.9,34.8945
165.902,34.895
165.904,34.8954
165.907,34.8958
165.909,34.8962
165.912,34.8966
165.914,34.897
165.916,34.8974
165.919,34.8978
165.921,34.8982
165.923,34.8986
165.926,34.899
165.928,34.8995
165.931,34.8999
165.933,34.9003
165.935,34.9007
165.938,34.9011
165.94,34.9015
165.942,34.9019
165.945,34.9023
165.947,34.9027
165.95,34.9031
165.952,34.9035
165.954,34.9039
165.957,34.9044
165.959,34.9048
165.961,34.9052
165.964,34.9056
165.966,34.906
165.968,34.9064
165.971,34.9068
165.973,34.9072
165.976,34.9076
165.978,34.908
165.98,34.9084
165.983,34.9088
165.985,34.9092
165.987,34.9097
165.99,34.9101
165.992,34.9105
165.995,34.9109
165.997,34.9113
165.999,34.9117
166.002,34.9121
166.004,34.9125
166.006,34.9129
166.009,34.9133
166.011,34.9137
166.014,34.9141
166.016,34.9145
166.018,34.9149
166.021,34.9154
166.023,34.9158
166.025,34.9162
166.028,34.9166
166.03,34.917
166.033,34.9174
166.035,34.9178
166.037,34.9182
166.04,34.9186
166.042,34.919
166.044,34.9194
166.047,34.9198
166.049,34.9202
166.052,34.9206
166.054,34.921
166.056,34.9214
166.059,34.9218
166.061,34.9222
166.063,34.9227
166.066,34.9231
166.068,34.9235
166.07,34.9239
166.073,34.9243
166.075,34.9247
166.078,34.9251
166.08,34.9255
166.082,34.9259
166.085,34.9263
166.087,34.9267
166.089,34.9271
166.092,34.9275
166.094,34.9279
166.097,34.9283
166.099,34.9287
166.101,34.9291
166.104,34.9295
166.106,34.9299
166.108,34.9303
166.111,34.9307
166.113,34.9311
166.116,34.9315
166.118,34.932
166.12,34.9324
166.123,34.9328
166.125,34.9332
166.127,34.9336
166.13,34.934
166.132,34.9344
166.135,34.9348
166.137,34.9352
166.139,34.9356
166.142,34.936
166.144,34.9364
166.146,34.9368
166.149,34.9372
166.151,34.9376
166.154,34.938
166.156,34.9384
166.158,34.9388
166.161,34.9392
166.163,34.9396
166.165,34.94
166.168,34.9404
166.17,34.9408
166.173,34.9412
166.175,34.9416
166.177,34.942
166.18,34.9424
166.182,34.9428
166.184,34.9432
166.187,34.9436
166.189,34.944
166.192,34.9444
166.194,34.9448
166.196,34.9452
166.199,34.9456
166.201,34.946
166.203,34.9464
166.206,34.9468
166.208,34.9472
166.211,34.9476
166.213,34.948
166.215,34.9484
166.218,34.9488
166.22,34.9492
166.222,34.9496
166.225,34.95
166.227,34.9504
166.23,34.9508
166.232,34.9512
166.234,34.9516
166.237,34.952
166.239,34.9524
166.241,34.9528
166.244,34.9532
166.246,34.9536
166.249,34.954
166.251,34.9544
166.253,34.9548
166.256,34.9552
166.258,34.9556
166.26,34.956
166.263,34.9564
166.265,34.9568
166.268,34.9572
166.27,34.9576
166.272,34.958
166.275,34.9584
166.277,34.9588
166.279,34.9592
166.282,34.9596
166.284,34.96
166.287,34.9604
166.289,34.9608
166.291,34.9612
166.294,34.9616
166.296,34.962
166.298,34.9624
166.301,34.9628
166.303,34.9632
166.306,34.9636
166.308,34.964
166.31,34.9644
166.313,34.9648
166.315,34.9652
166.317,34.9656
166.32,34.966
166.322,34.9664
166.325,34.9668
166.327,34.9672
166.329,34.9676
166.332,34.968
166.334,34.9684
166.336,34.9688
166.339,34.9692
166.341,34.9696
166.344,34.97
166.346,34.9704
166.348,34.9708
166.351,34.9712
166.353,34.9716
166.355,34.972
166.358,34.9724
166.36,34.9728
166.363,34.9732
166.365,34.9736
166.367,34.9739
166.37,34.9743
166.372,34.9747
166.374,34.9751
166.377,34.9755
166.379,34.9759
166.382,34.9763
166.384,34.9767
166.386,34.9771
166.389,34.9775
166.391,34.9779
166.393,34.9783
166.396,34.9787
166.398,34.9791
166.401,34.9795
166.403,34.9799
166.405,34.9803
166.408,34.9807
166.41,34.9811
166.413,34.9815
166.415,34.9819
166.417,34.9823
166.42,34.9827
166.422,34.983
166.424,34.9834
166.427,34.9838
166.429,34.9842
166.432,34.9846
166.434,34.985
166.436,34.9854
166.439,34.9858
166.441,34.9862
166.443,34.9866
166.446,34.987
166.448,34.9874
166.451,34.9878
166.453,34.9882
166.455,34.9886
166.458,34.989
166.46,34.9894
166.462,34.9898
166.465,34.9901
166.467,34.9905
166.47,34.9909
166.472,34.9913
166.474,34.9917
166.477,34.9921
166.479,34.9925
166.481,34.9929
166.484,34.9933
166.486,34.9937
166.489,34.9941
166.491,34.9945
166.493,34.9949
166.496,34.9953
166.498,34.9957
166.5,34.996
166.503,34.9964
166.505,34.9968
166.508,34.9972
166.51,34.9976
166.512,34.998
166.515,34.9984
166.517,34.9988
166.519,34.9992
166.522,34.9996
166.524,35
166.527,35.0004
166.529,35.0008
166.531,35.0011
166.534,35.0015
166.536,35.0019
166.539,35.0023
166.541,35.0027
166.543,35.0031
166.546,35.0035
166.548,35.0039
166.55,35.0043
166.553,35.0047
166.555,35.0051
166.558,35.0054
166.56,35.0058
166.562,35.0062
166.565,35.0066
166.567,35.007
166.569,35.0074
166.572,35.0078
166.574,35.0082
166.577,35.0086
166.579,35.009
166.581,35.0094
166.584,35.0097
166.586,35.0101
166.588,35.0105
166.591,35.0109
166.593,35.0113
166.596,35.0117
166.598,35.0121
166.6,35.0125
166.603,35.0129
166.605,35.0133
166.608,35.0136
166.61,35.014
166.612,35.0144
166.615,35.0148
166.617,35.0152
166.619,35.0156
166.622,35.016
166.624,35.0164
166.627,35.0168
166.629,35.0171
166.631,35.0175
166.634,35.0179
166.636,35.0183
166.638,35.0187
166.641,35.0191
166.643,35.0195
166.646,35.0199
166.648,35.0203
166.65,35.0206
166.653,35.021
166.655,35.0214
166.657,35.0218
166.66,35.0222
166.662,35.0226
166.665,35.023
166.667,35.0234
166.669,35.0238
166.672,35.0241
166.674,35.0245
166.677,35.0249
166.679,35.0253
166.681,35.0257
166.684,35.0261
166.686,35.0265
166.688,35.0269
166.691,35.0272
166.693,35.0276
166.696,35.028
166.698,35.0284
166.7,35.0288
166.703,35.0292
166.705,35.0296
166.707,35.0299
166.71,35.0303
166.712,35.0307
166.715,35.0311
166.717,35.0315
166.719,35.0319
166.722,35.0323
166.724,35.0327
166.727,35.033
166.729,35.0334
166.731,35.0338
166.734,35.0342
166.736,35.0346
166.738,35.035
166.741,35.0354
166.743,35.0357
166.746,35.0361
166.748,35.0365
166.75,35.0369
166.753,35.0373
166.755,35.0377
166.757,35.0381
166.76,35.0384
166.762,35.0388
166.765,35.0392
166.767,35.0396
166.769,35.04
166.772,35.0404
166.774,35.0408
166.777,35.0411
166.779,35.0415
166.781,35.0419
166.784,35.0423
166.786,35.0427
166.788,35.0431
166.791,35.0434
166.793,35.0438
166.796,35.0442
166.798,35.0446
166.8,35.045
166.803,35.0454
166.805,35.0457
166.807,35.0461
166.81,35.0465
166.812,35.0469
166.815,35.0473
166.817,35.0477
166.819,35.0481
166.822,35.0484
166.824,35.0488
166.827,35.0492
166.829,35.0496
166.831,35.05
166.834,35.0504
166.836,35.0507
166.838,35.0511
166.841,35.0515
166.843,35.0519
166.846,35.0523
166.848,35.0526
166.85,35.053
166.853,35.0534
166.855,35.0538
166.858,35.0542
166.86,35.0546
166.862,35.0549
166.865,35.0553
166.867,35.0557
166.869,35.0561
166.872,35.0565
166.874,35.0569
166.877,35.0572
166.879,35.0576
166.881,35.058
166.884,35.0584
166.886,35.0588
166.888,35.0591
166.891,35.0595
166.893,35.0599
166.896,35.0603
166.898,35.0607
166.9,35.0611
166.903,35.0614
166.905,35.0618
166.908,35.0622
166.91,35.0626
166.912,35.063
166.915,35.0633
166.917,35.0637
166.919,35.0641
166.922,35.0645
166.924,35.0649
166.927,35.0652
166.929,35.0656
166.931,35.066
166.934,35.0664
166.936,35.0668
166.939,35.0671
166.941,35.0675
166.943,35.0679
166.946,35.0683
166.948,35.0687
166.95,35.069
166.953,35.0694
166.955,35.0698
166.958,35.0702
166.96,35.0706
166.962,35.0709
166.965,35.0713
166.967,35.0717
166.97,35.0721
166.972,35.0725
166.974,35.0728
166.977,35.0732
166.979,35.0736
166.981,35.074
166.984,35.0744
166.986,35.0747
166.989,35.0751
166.991,35.0755
166.993,35.0759
166.996,35.0763
166.998,35.0766
167,35.077
167.003,35.0774
167.005,35.0778
167.008,35.0781
167.01,35.0785
167.012,35.0789
167.015,35.0793
167.017,35.0797
167.02,35.08
167.022,35.0804
167.024,35.0808
167.027,35.0812
167.029,35.0815
167.031,35.0819
167.034,35.0823
167.036,35.0827
167.039,35.0831
167.041,35.0834
167.043,35.0838
167.046,35.0842
167.048,35.0846
167.051,35.0849
167.053,35.0853
167.055,35.0857
167.058,35.0861
167.06,35.0864
167.062,35.0868
167.065,35.0872
167.067,35.0876
167.07,35.088
167.072,35.0883
167.074,35.0887
167.077,35.0891
167.079,35.0895
167.082,35.0898
167.084,35.0902
167.086,35.0906
167.089,35.091
167.091,35.0913
167.093,35.0917
167.096,35.0921
167.098,35.0925
167.101,35.0928
167.103,35.0932
167.105,35.0936
167.108,35.094
167.11,35.0943
167.113,35.0947
167.115,35.0951
167.117,35.0955
167.12,35.0958
167.122,35.0962
167.124,35.0966
167.127,35.097
167.129,35.0973
167.132,35.0977
167.134,35.0981
167.136,35.0985
167.139,35.0988
167.141,35.0992
167.144,35.0996
167.146,35.1
167.148,35.1003
167.151,35.1007
167.153,35.1011
167.156,35.1015
167.158,35.1018
167.16,35.1022
167.163,35.1026
167.165,35.103
167.167,35.1033
167.17,35.1037
167.172,35.1041
167.175,35.1045
167.177,35.1048
167.179,35.1052
167.182,35.1056
167.184,35.1059
167.187,35.1063
167.189,35.1067
167.191,35.1071
167.194,35.1074
167.196,35.1078
167.198,35.1082
167.201,35.1086
167.203,35.1089
167.206,35.1093
167.208,35.1097
167.21,35.11
167.213,35.1104
167.215,35.1108
167.218,35.1112
167.22,35.1115
167.222,35.1119
167.225,35.1123
167.227,35.1127
167.229,35.113
167.232,35.1134
167.234,35.1138
167.237,35.1141
167.239,35.1145
167.241,35.1149
167.244,35.1153
167.246,35.1156
167.249,35.116
167.251,35.1164
167.253,35.1167
167.256,35.1171
167.258,35.1175
167.261,35.1179
167.263,35.1182
167.265,35.1186
167.268,35.119
167.27,35.1193
167.272,35.1197
167.275,35.1201
167.277,35.1204
167.28,35.1208
167.282,35.1212
167.284,35.1216
167.287,35.1219
167.289,35.1223
167.292,35.1227
167.294,35.123
167.296,35.1234
167.299,35.1238
167.301,35.1241
167.303,35.1245
167.306,35.1249
167.308,35.1253
167.311,35.1256
167.313,35.126
167.315,35.1264
167.318,35.1267
167.32,35.1271
167.323,35.1275
167.325,35.1278
167.327,35.1282
167.33,35.1286
167.332,35.129
167.335,35.1293
167.337,35.1297
167.339,35.1301
167.342,35.1304
167.344,35.1308
167.346,35.1312
167.349,35.1315
167.351,35.1319
167.354,35.1323
167.356,35.1326
167.358,35.133
167.361,35.1334
167.363,35.1337
167.366,35.1341
167.368,35.1345
167.37,35.1348
167.373,35.1352
167.375,35.1356
167.377,35.1359
167.38,35.1363
167.382,35.1367
167.385,35.1371
167.387,35.1374
167.389,35.1378
167.392,35.1382
167.394,35.1385
167.397,35.1389
167.399,35.1393
167.401,35.1396
167.404,35.14
167.406,35.1404
167.409,35.1407
167.411,35.1411
167.413,35.1415
167.416,35.1418
167.418,35.1422
167.42,35.1426
167.423,35.1429
167.425,35.1433
167.428,35.1437
167.43,35.144
167.432,35.1444
167.435,35.1448
167.437,35.1451
167.44,35.1455
167.442,35.1459
167.444,35.1462
167.447,35.1466
167.449,35.1469
167.452,35.1473
167.454,35.1477
167.456,35.148
167.459,35.1484
167.461,35.1488
167.463,35.1491
167.466,35.1495
167.468,35.1499
167.471,35.1502
167.473,35.1506
167.475,35.151
167.478,35.1513
167.48,35.1517
167.483,35.1521
167.485,35.1524
167.487,35.1528
167.49,35.1532
167.492,35.1535
167.495,35.1539
167.497,35.1542
167.499,35.1546
167.502,35.155
167.504,35.1553
167.506,35.1557
167.509,35.1561
167.511,35.1564
167.514,35.1568
167.516,35.1572
167.518,35.1575
167.521,35.1579
167.523,35.1583
167.526,35.1586
167.528,35.159
167.53,35.1593
167.533,35.1597
167.535,35.1601
167.538,35.1604
167.54,35.1608
167.542,35.1612
167.545,35.1615
167.547,35.1619
167.55,35.1622
167.552,35.1626
167.554,35.163
167.557,35.1633
167.559,35.1637
167.561,35.1641
167.564,35.1644
167.566,35.1648
167.569,35.1651
167.571,35.1655
167.573,35.1659
167.576,35.1662
167.578,35.1666
167.581,35.167
167.583,35.1673
167.585,35.1677
167.588,35.168
167.59,35.1684
167.593,35.1688
167.595,35.1691
167.597,35.1695
167.6,35.1698
167.602,35.1702
167.604,35.1706
167.607,35.1709
167.609,35.1713
167.612,35.1717
167.614,35.172
167.616,35.1724
167.619,35.1727
167.621,35.1731
167.624,35.1735
167.626,35.1738
167.628,35.1742
167.631,35.1745
167.633,35.1749
167.636,35.1753
167.638,35.1756
167.64,35.176
167.643,35.1763
167.645,35.1767
167.648,35.1771
167.65,35.1774
167.652,35.1778
167.655,35.1781
167.657,35.1785
167.659,35.1789
167.662,35.1792
167.664,35.1796
167.667,35.1799
167.669,35.1803
167.671,35.1807
167.674,35.181
167.676,35.1814
167.679,35.1817
167.681,35.1821
167.683,35.1825
167.686,35.1828
167.688,35.1832
167.691,35.1835
167.693,35.1839
167.695,35.1842
167.698,35.1846
167.7,35.185
167.703,35.1853
167.705,35.1857
167.707,35.186
167.71,35.1864
167.712,35.1868
167.714,35.1871
167.717,35.1875
167.719,35.1878
167.722,35.1882
167.724,35.1885
167.726,35.1889
167.729,35.1893
167.731,35.1896
167.734,35.19
167.736,35.1903
167.738,35.1907
167.741,35.191
167.743,35.1914
167.746,35.1918
167.748,35.1921
167.75,35.1925
167.753,35.1928
167.755,35.1932
167.758,35.1935
167.76,35.1939
167.762,35.1943
167.765,35.1946
167.767,35.195
167.77,35.1953
167.772,35.1957
167.774,35.196
167.777,35.1964
167.779,35.1968
167.781,35.1971
167.784,35.1975
167.786,35.1978
167.789,35.1982
167.791,35.1985
167.793,35.1989
167.796,35.1992
167.798,35.1996
167.801,35.2
167.803,35.2003
167.805,35.2007
167.808,35.201
167.81,35.2014
167.813,35.2017
167.815,35.2021
167.817,35.2024
167.82,35.2028
167.822,35.2032
167.825,35.2035
167.827,35.2039
167.829,35.2042
167.832,35.2046
167.834,35.2049
167.837,35.2053
167.839,35.2056
167.841,35.206
167.844,35.2063
167.846,35.2067
167.848,35.2071
167.851,35.2074
167.853,35.2078
167.856,35.2081
167.858,35.2085
167.86,35.2088
167.863,35.2092
167.865,35.2095
167.868,35.2099
167.87,35.2102
167.872,35.2106
167.875,35.211
167.877,35.2113
167.88,35.2117
167.882,35.212
167.884,35.2124
167.887,35.2127
167.889,35.2131
167.892,35.2134
167.894,35.2138
167.896,35.2141
167.899,35.2145
167.901,35.2148
167.904,35.2152
167.906,35.2155
167.908,35.2159
167.911,35.2162
167.913,35.2166
167.916,35.2169
167.918,35.2173
167.92,35.2177
167.923,35.218
167.925,35.2184
167.927,35.2187
167.93,35.2191
167.932,35.2194
167.935,35.2198
167.937,35.2201
167.939,35.2205
167.942,35.2208
167.944,35.2212
167.947,35.2215
167.949,35.2219
167.951,35.2222
167.954,35.2226
167.956,35.2229
167.959,35.2233
167.961,35.2236
167.963,35.224
167.966,35.2243
167.968,35.2247
167.971,35.225
167.973,35.2254
167.975,35.2257
167.978,35.2261
167.98,35.2264
167.983,35.2268
167.985,35.2271
167.987,35.2275
167.99,35.2278
167.992,35.2282
167.995,35.2285
167.997,35.2289
167.999,35.2292
168.002,35.2296
168.004,35.2299
168.006,35.2303
168.009,35.2306
168.011,35.231
168.014,35.2313
168.016,35.2317
168.018,35.232
168.021,35.2324
168.023,35.2327
168.026,35.2331
168.028,35.2334
168.03,35.2338
168.033,35.2341
168.035,35.2345
168.038,35.2348
168.04,35.2352
168.042,35.2355
168.045,35.2359
168.047,35.2362
168.05,35.2366
168.052,35.2369
168.054,35.2373
168.057,35.2376
168.059,35.238
168.062,35.2383
168.064,35.2387
168.066,35.239
168.069,35.2394
168.071,35.2397
168.074,35.2401
168.076,35.2404
168.078,35.2407
168.081,35.2411
168.083,35.2414
168.086,35.2418
168.088,35.2421
168.09,35.2425
168.093,35.2428
168.095,35.2432
168.098,35.2435
168.1,35.2439
168.102,35.2442
168.105,35.2446
168.107,35.2449
168.11,35.2453
168.112,35.2456
168.114,35.246
168.117,35.2463
168.119,35.2466
168.121,35.247
168.124,35.2473
168.126,35.2477
168.129,35.248
168.131,35.2484
168.133,35.2487
168.136,35.2491
168.138,35.2494
168.141,35.2498
168.143,35.2501
168.145,35.2505
168.148,35.2508
168.15,35.2511
168.153,35.2515
168.155,35.2518
168.157,35.2522
168.16,35.2525
168.162,35.2529
168.165,35.2532
168.167,35.2536
168.169,35.2539
168.172,35.2543
168.174,35.2546
168.177,35.2549
168.179,35.2553
168.181,35.2556
168.184,35.256
168.186,35.2563
168.189,35.2567
168.191,35.257
168.193,35.2574
168.196,35.2577
168.198,35.258
168.201,35.2584
168.203,35.2587
168.205,35.2591
168.208,35.2594
168.21,35.2598
168.213,35.2601
168.215,35.2605
168.217,35.2608
168.22,35.2611
168.222,35.2615
168.225,35.2618
168.227,35.2622
168.229,35.2625
168.232,35.2629
168.234,35.2632
168.237,35.2635
168.239,35.2639
168.241,35.2642
168.244,35.2646
168.246,35.2649
168.249,35.2653
168.251,35.2656
168.253,35.2659
168.256,35.2663
168.258,35.2666
168.261,35.267
168.263,35.2673
168.265,35.2677
168.268,35.268
168.27,35.2683
168.272,35.2687
168.275,35.269
168.277,35.2694
168.28,35.2697
168.282,35.2701
168.284,35.2704
168.287,35.2707
168.289,35.2711
168.292,35.2714
168.294,35.2718
168.296,35.2721
168.299,35.2724
168.301,35.2728
168.304,35.2731
168.306,35.2735
168.308,35.2738
168.311,35.2741
168.313,35.2745
168.316,35.2748
168.318,35.2752
168.32,35.2755
168.323,35.2759
168.325,35.2762
168.328,35.2765
168.33,35.2769
168.332,35.2772
168.335,35.2776
168.337,35.2779
168.34,35.2782
168.342,35.2786
168.344,35.2789
168.347,35.2793
168.349,35.2796
168.352,35.2799
168.354,35.2803
168.356,35.2806
168.359,35.281
168.361,35.2813
168.364,35.2816
168.366,35.282
168.368,35.2823
168.371,35.2827
168.373,35.283
168.376,35.2833
168.378,35.2837
168.38,35.284
168.383,35.2843
168.385,35.2847
168.388,35.285
168.39,35.2854
168.392,35.2857
168.395,35.286
168.397,35.2864
168.4,35.2867
168.402,35.2871
168.404,35.2874
168.407,35.2877
168.409,35.2881
168.412,35.2884
168.414,35.2887
168.416,35.2891
168.419,35.2894
168.421,35.2898
168.424,35.2901
168.426,35.2904
168.428,35.2908
168.431,35.2911
168.433,35.2914
168.436,35.2918
168.438,35.2921
168.44,35.2925
168.443,35.2928
168.445,35.2931
168.448,35.2935
168.45,35.2938
168.452,35.2941
168.455,35.2945
168.457,35.2948
168.46,35.2952
168.462,35.2955
168.464,35.2958
168.467,35.2962
168.469,35.2965
168.472,35.2968
168.474,35.2972
168.476,35.2975
168.479,35.2978
168.481,35.2982
168.484,35.2985
168.486,35.2989
168.488,35.2992
168.491,35.2995
168.493,35.2999
168.496,35.3002
168.498,35.3005
168.5,35.3009
168.503,35.3012
168.505,35.3015
168.508,35.3019
168.51,35.3022
168.512,35.3025
168.515,35.3029
168.517,35.3032
168.52,35.3036
168.522,35.3039
168.524,35.3042
168.527,35.3046
168.529,35.3049
168.532,35.3052
168.534,35.3056
168.536,35.3059
168.539,35.3062
168.541,35.3066
168.544,35.3069
168.546,35.3072
168.548,35.3076
168.551,35.3079
168.553,35.3082
168.556,35.3086
168.558,35.3089
168.56,35.3092
168.563,35.3096
168.565,35.3099
168.568,35.3102
168.57,35.3106
168.572,35.3109
168.575,35.3112
168.577,35.3116
