291.117,9.51799
291.118,9.55601
291.12,9.59408
291.121,9.6322
291.122,9.67038
291.123,9.70862
291.124,9.74692
291.125,9.78527
291.127,9.82368
291.128,9.86215
291.129,9.90067
291.13,9.93926
291.131,9.9779
291.133,10.0166
291.134,10.0554
291.135,10.0942
291.136,10.133
291.137,10.172
291.138,10.211
291.14,10.25
291.141,10.2891
291.142,10.3283
291.143,10.3675
291.144,10.4068
291.145,10.4462
291.146,10.4856
291.148,10.5251
291.149,10.5646
291.15,10.6042
291.151,10.6439
291.152,10.6836
291.153,10.7234
291.155,10.7632
291.156,10.8031
291.157,10.8431
291.158,10.8831
291.159,10.9232
291.16,10.9634
291.161,11.0036
291.163,11.0439
291.164,11.0842
291.165,11.1246
291.166,11.1651
291.167,11.2056
291.168,11.2462
291.17,11.2869
291.171,11.3277
291.172,11.3685
291.173,11.4093
291.174,11.4502
291.175,11.4912
291.176,11.5323
291.177,11.5734
291.179,11.6146
291.18,11.6559
291.181,11.6972
291.182,11.7386
291.183,11.7801
291.184,11.8216
291.185,11.8632
291.187,11.9049
291.188,11.9466
291.189,11.9885
291.19,12.0303
291.191,12.0723
291.192,12.1143
291.193,12.1564
291.194,12.1985
291.196,12.2408
291.197,12.2831
291.198,12.3254
291.199,12.3679
291.2,12.4104
291.201,12.453
291.202,12.4956
291.203,12.5383
291.204,12.5811
291.206,12.624
291.207,12.6669
291.208,12.71
291.209,12.753
291.21,12.7962
291.211,12.8394
291.212,12.8828
291.213,12.9261
291.214,12.9696
291.216,13.0131
291.217,13.0567
291.218,13.1004
291.219,13.1442
291.22,13.188
291.221,13.2319
291.222,13.2759
291.223,13.32
291.224,13.3641
291.225,13.4084
291.227,13.4527
291.228,13.497
291.229,13.5415
291.23,13.586
291.231,13.6306
291.232,13.6753
291.233,13.7201
291.234,13.7649
291.235,13.8099
291.236,13.8549
291.237,13.9
291.239,13.9451
291.24,13.9904
291.241,14.0357
291.242,14.0811
291.243,14.1266
291.244,14.1722
291.245,14.2179
291.246,14.2636
291.247,14.3095
291.248,14.3554
291.249,14.4014
291.25,14.4474
291.251,14.4936
291.252,14.5399
291.254,14.5862
291.255,14.6326
291.256,14.6791
291.257,14.7257
291.258,14.7724
291.259,14.8191
291.26,14.866
291.261,14.9129
291.262,14.9599
291.263,15.0071
291.264,15.0543
291.265,15.1015
291.266,15.1489
291.267,15.1964
291.268,15.244
291.269,15.2916
291.27,15.3393
291.272,15.3872
291.273,15.4351
291.274,15.4831
291.275,15.5312
291.276,15.5794
291.277,15.6277
291.278,15.676
291.279,15.7245
291.28,15.7731
291.281,15.8217
291.282,15.8705
291.283,15.9193
291.284,15.9683
291.285,16.0173
291.286,16.0664
291.287,16.1157
291.288,16.165
291.289,16.2144
291.29,16.2639
291.291,16.3135
291.292,16.3632
291.293,16.413
291.294,16.463
291.295,16.513
291.296,16.5631
291.297,16.6133
291.298,16.6636
291.299,16.714
291.3,16.7645
291.301,16.8151
291.302,16.8658
291.303,16.9166
291.304,16.9675
291.305,17.0185
291.306,17.0696
291.307,17.1209
291.308,17.1722
291.309,17.2236
291.31,17.2751
291.311,17.3268
291.312,17.3785
291.313,17.4304
291.314,17.4823
291.315,17.5344
291.316,17.5865
291.317,17.6388
291.318,17.6912
291.319,17.7437
291.32,17.7963
291.321,17.849
291.322,17.9018
291.323,17.9547
291.324,18.0078
291.325,18.0609
291.326,18.1142
291.327,18.1676
291.328,18.221
291.329,18.2746
291.33,18.3283
291.331,18.3822
291.332,18.4361
291.333,18.4901
291.334,18.5443
291.335,18.5986
291.336,18.653
291.337,18.7075
291.338,18.7621
291.338,18.8169
291.339,18.8717
291.34,18.9267
291.341,18.9818
291.342,19.037
291.343,19.0924
291.344,19.1478
291.345,19.2034
291.346,19.2591
291.347,19.3149
291.348,19.3708
291.349,19.4269
291.35,19.4831
291.351,19.5394
291.352,19.5958
291.353,19.6524
291.353,19.7091
291.354,19.7659
291.355,19.8228
291.356,19.8799
291.357,19.937
291.358,19.9944
291.359,20.0518
291.36,20.1094
291.361,20.1671
291.362,20.2249
291.363,20.2828
291.363,20.3409
291.364,20.3991
291.365,20.4575
291.366,20.516
291.367,20.5746
291.368,20.6333
291.369,20.6922
291.37,20.7512
291.371,20.8103
291.371,20.8696
291.372,20.929
291.373,20.9886
291.374,21.0483
291.375,21.1081
291.376,21.1681
291.377,21.2282
291.378,21.2884
291.378,21.3488
291.379,21.4093
291.38,21.47
291.381,21.5308
291.382,21.5917
291.383,21.6528
291.384,21.714
291.385,21.7754
291.385,21.8369
291.386,21.8986
291.387,21.9604
291.388,22.0223
291.389,22.0844
291.39,22.1467
291.39,22.209
291.391,22.2716
291.392,22.3343
291.393,22.3971
291.394,22.4601
291.395,22.5232
291.395,22.5865
291.396,22.65
291.397,22.7136
291.398,22.7773
291.399,22.8412
291.4,22.9053
291.4,22.9695
291.401,23.0338
291.402,23.0984
291.403,23.163
291.404,23.2279
291.404,23.2929
291.405,23.358
291.406,23.4233
291.407,23.4888
291.408,23.5545
291.408,23.6202
291.409,23.6862
291.41,23.7523
291.411,23.8186
291.411,23.8851
291.412,23.9517
291.413,24.0185
291.414,24.0854
291.414,24.1525
291.415,24.2198
291.416,24.2872
291.417,24.3549
291.418,24.4227
291.418,24.4906
291.419,24.5587
291.42,24.627
291.421,24.6955
291.421,24.7642
291.422,24.833
291.423,24.902
291.423,24.9712
291.424,25.0405
291.425,25.11
291.426,25.1797
291.426,25.2496
291.427,25.3197
291.428,25.3899
291.429,25.4603
291.429,25.5309
291.43,25.6017
291.431,25.6727
291.431,25.7439
291.432,25.8152
291.433,25.8867
291.433,25.9584
291.434,26.0303
291.435,26.1024
291.435,26.1747
291.436,26.2471
291.437,26.3198
291.438,26.3926
291.438,26.4657
291.439,26.5389
291.44,26.6123
291.44,26.6859
291.441,26.7597
291.441,26.8337
291.442,26.9079
291.443,26.9823
291.443,27.0569
291.444,27.1317
291.445,27.2067
291.445,27.2819
291.446,27.3573
291.447,27.4329
291.447,27.5087
291.448,27.5847
291.448,27.661
291.449,27.7374
291.45,27.814
291.45,27.8908
291.451,27.9679
291.451,28.0451
291.452,28.1226
291.453,28.2003
291.453,28.2781
291.454,28.3562
291.454,28.4346
291.455,28.5131
291.456,28.5918
291.456,28.6708
291.457,28.75
291.457,28.8294
291.458,28.909
291.458,28.9888
291.459,29.0689
291.459,29.1491
291.46,29.2296
291.461,29.3104
291.461,29.3913
291.462,29.4725
291.462,29.5539
291.463,29.6355
291.463,29.7174
291.464,29.7995
291.464,29.8818
291.465,29.9644
291.465,30.0471
291.466,30.1302
291.466,30.2134
291.467,30.2969
291.467,30.3806
291.468,30.4646
291.468,30.5488
291.468,30.6332
291.469,30.7179
291.469,30.8028
291.47,30.888
291.47,30.9734
291.471,31.0591
291.471,31.145
291.472,31.2311
291.472,31.3175
291.472,31.4042
291.473,31.4911
291.473,31.5782
291.474,31.6656
291.474,31.7532
291.474,31.8411
291.475,31.9293
291.475,32.0177
291.476,32.1064
291.476,32.1953
291.476,32.2845
291.477,32.374
291.477,32.4637
291.477,32.5537
291.478,32.6439
291.478,32.7344
291.478,32.8252
291.479,32.9162
291.479,33.0075
291.479,33.0991
291.48,33.1909
291.48,33.2831
291.48,33.3754
291.481,33.4681
291.481,33.5611
291.481,33.6543
291.482,33.7478
291.482,33.8415
291.482,33.9356
291.482,34.0299
291.483,34.1245
291.483,34.2194
291.483,34.3146
291.483,34.4101
291.484,34.5058
291.484,34.6019
291.484,34.6982
291.484,34.7948
291.484,34.8917
291.485,34.9889
291.485,35.0864
291.485,35.1842
291.485,35.2823
291.485,35.3807
291.485,35.4794
291.486,35.5784
291.486,35.6776
291.486,35.7772
291.486,35.8771
291.486,35.9773
291.486,36.0778
291.486,36.1786
291.486,36.2797
291.486,36.3811
291.487,36.4829
291.487,36.5849
291.487,36.6873
291.487,36.79
291.487,36.8929
291.487,36.9963
291.487,37.0999
291.487,37.2038
291.487,37.3081
291.487,37.4127
291.487,37.5176
291.487,37.6228
291.487,37.7284
291.487,37.8343
291.487,37.9405
291.487,38.047
291.487,38.1539
291.487,38.2611
291.487,38.3686
291.487,38.4765
291.487,38.5847
291.486,38.6933
291.486,38.8022
291.486,38.9114
291.486,39.0209
291.486,39.1309
291.486,39.2411
291.486,39.3517
291.485,39.4627
291.485,39.5739
291.485,39.6856
291.485,39.7976
291.485,39.9099
291.484,40.0226
291.484,40.1357
291.484,40.2491
291.484,40.3628
291.484,40.4769
291.483,40.5914
291.483,40.7063
291.483,40.8215
291.482,40.937
291.482,41.0529
291.482,41.1692
291.481,41.2859
291.481,41.4029
291.481,41.5203
291.48,41.6381
291.48,41.7562
291.479,41.8748
291.479,41.9936
291.479,42.1129
291.478,42.2326
291.478,42.3526
291.477,42.473
291.477,42.5938
291.476,42.7149
291.476,42.8365
291.475,42.9584
291.475,43.0808
291.474,43.2035
291.474,43.3266
291.473,43.4501
291.472,43.5739
291.472,43.6982
291.471,43.8229
291.471,43.948
291.47,44.0734
291.469,44.1993
291.469,44.3255
291.468,44.4522
291.467,44.5793
291.466,44.7067
291.466,44.8346
291.465,44.9629
291.464,45.0916
291.463,45.2207
291.462,45.3502
291.462,45.4801
291.461,45.6104
291.46,45.7411
291.459,45.8723
291.458,46.0039
291.457,46.1358
291.456,46.2682
291.455,46.4011
291.454,46.5343
291.453,46.668
291.452,46.8021
291.451,46.9366
291.45,47.0715
291.449,47.2069
291.448,47.3427
291.447,47.4789
291.446,47.6155
291.444,47.7526
291.443,47.8901
291.442,48.0281
291.441,48.1664
291.44,48.3053
291.438,48.4445
291.437,48.5842
291.436,48.7243
291.434,48.8649
291.433,49.0059
291.431,49.1473
291.43,49.2892
291.429,49.4316
291.427,49.5744
291.426,49.7176
291.424,49.8613
291.423,50.0054
291.421,50.1499
291.419,50.295
291.418,50.4404
291.416,50.5864
291.414,50.7327
291.413,50.8796
291.411,51.0268
291.409,51.1746
291.407,51.3228
291.405,51.4714
291.403,51.6205
291.402,51.7701
291.4,51.9201
291.398,52.0706
291.396,52.2215
291.394,52.3729
291.391,52.5248
291.389,52.6771
291.387,52.8299
291.385,52.9832
291.383,53.1369
291.381,53.2911
291.378,53.4458
291.376,53.6009
291.374,53.7565
291.371,53.9125
291.369,54.0691
291.366,54.2261
291.364,54.3835
291.361,54.5415
291.358,54.6999
291.356,54.8588
291.353,55.0181
291.35,55.1779
291.347,55.3382
291.345,55.499
291.342,55.6602
291.339,55.8219
291.336,55.9841
291.333,56.1468
291.33,56.3099
291.326,56.4735
291.323,56.6376
291.32,56.8022
291.317,56.9672
291.313,57.1327
291.31,57.2987
291.306,57.4652
291.303,57.6321
291.299,57.7995
291.296,57.9674
291.292,58.1358
291.288,58.3046
291.284,58.4739
291.28,58.6437
291.276,58.814
291.272,58.9847
291.268,59.1559
291.264,59.3276
291.26,59.4998
291.255,59.6724
291.251,59.8455
291.246,60.0191
291.242,60.1932
291.237,60.3677
291.232,60.5427
291.228,60.7181
291.223,60.8941
291.218,61.0705
291.213,61.2474
291.207,61.4247
291.202,61.6025
291.197,61.7808
291.191,61.9596
291.186,62.1388
291.18,62.3185
291.174,62.4986
291.169,62.6792
291.163,62.8603
291.157,63.0418
291.15,63.2238
291.144,63.4063
291.138,63.5892
291.131,63.7726
291.124,63.9564
291.118,64.1407
291.111,64.3254
291.104,64.5106
291.096,64.6963
291.089,64.8824
291.082,65.0689
291.074,65.2559
291.066,65.4433
291.058,65.6312
291.05,65.8195
291.042,66.0083
291.033,66.1975
291.025,66.3872
291.016,66.5772
291.007,66.7678
290.998,66.9587
290.989,67.1501
290.979,67.3419
290.969,67.5341
290.959,67.7268
290.949,67.9199
290.939,68.1134
290.928,68.3073
290.917,68.5017
290.906,68.6964
290.895,68.8916
290.884,69.0872
290.872,69.2832
290.86,69.4795
290.847,69.6763
290.835,69.8735
290.822,70.0711
290.808,70.2691
290.795,70.4675
290.781,70.6663
290.767,70.8655
290.752,71.065
290.737,71.265
290.722,71.4653
290.706,71.666
290.69,71.867
290.674,72.0685
290.657,72.2703
290.639,72.4724
290.621,72.675
290.603,72.8779
290.584,73.0811
290.565,73.2847
290.545,73.4887
290.525,73.693
290.504,73.8976
290.482,74.1026
290.46,74.3079
290.437,74.5135
290.414,74.7195
290.389,74.9258
290.364,75.1324
290.339,75.3393
290.312,75.5466
290.285,75.7542
290.257,75.962
290.227,76.1702
290.197,76.3787
290.166,76.5874
290.134,76.7965
290.101,77.0058
290.066,77.2154
290.03,77.4253
289.993,77.6355
289.955,77.846
289.915,78.0567
289.874,78.2676
289.831,78.4788
289.787,78.6903
289.74,78.902
289.692,79.114
289.642,79.3262
289.589,79.5386
289.535,79.7513
289.478,79.9642
289.418,80.1773
289.356,80.3906
289.29,80.6041
289.222,80.8178
289.15,81.0317
289.075,81.2459
288.995,81.4601
288.912,81.6746
288.823,81.8893
288.73,82.1041
288.632,82.319
288.528,82.5341
288.418,82.7494
288.3,82.9648
288.175,83.1803
288.042,83.396
287.9,83.6118
287.747,83.8277
287.583,84.0436
287.407,84.2597
287.217,84.4758
287.011,84.692
286.788,84.9083
286.544,85.1245
286.278,85.3408
285.985,85.5571
285.663,85.7734
285.305,85.9896
284.906,86.2057
284.459,86.4217
283.954,86.6376
283.38,86.8532
282.721,87.0685
281.957,87.2835
281.061,87.4979
279.998,87.7117
278.715,87.9246
277.14,88.1362
275.163,88.3461
272.614,88.5535
269.22,88.7571
264.521,88.9547
257.704,89.1421
247.331,89.3108
231.212,89.4436
208.205,89.5104
183.24,89.4848
163.835,89.3781
151.109,89.223
142.88,89.0428
137.335,88.8492
133.412,88.6481
130.517,88.4422
128.301,88.2334
126.557,88.0225
125.15,87.8102
123.993,87.5968
123.026,87.3827
122.205,87.168
121.5,86.9528
120.889,86.7374
120.354,86.5217
119.881,86.3058
119.461,86.0897
119.085,85.8736
118.747,85.6574
118.441,85.4412
118.163,85.2249
117.91,85.0087
117.677,84.7925
117.463,84.5764
117.266,84.3603
117.084,84.1442
116.914,83.9283
116.757,83.7124
116.61,83.4967
116.473,83.2811
116.344,83.0656
116.223,82.8502
116.11,82.6349
116.003,82.4198
115.902,82.2049
115.806,81.9901
115.716,81.7755
115.63,81.561
115.549,81.3468
115.472,81.1327
115.398,80.9188
115.328,80.7051
115.261,80.4916
115.198,80.2783
115.137,80.0652
115.079,79.8523
115.023,79.6397
114.969,79.4273
114.918,79.2151
114.869,79.0031
114.822,78.7914
114.776,78.58
114.733,78.3688
114.691,78.1578
114.65,77.9471
114.611,77.7367
114.573,77.5266
114.537,77.3167
114.502,77.1071
114.468,76.8978
114.436,76.6887
114.404,76.48
114.373,76.2715
114.344,76.0634
114.315,75.8555
114.287,75.648
114.26,75.4407
114.234,75.2338
114.209,75.0272
114.184,74.8209
114.16,74.615
114.137,74.4094
114.115,74.2041
114.093,73.9991
114.071,73.7945
114.051,73.5902
114.031,73.3863
114.011,73.1827
113.992,72.9795
113.973,72.7766
113.955,72.5741
113.938,72.372
113.92,72.1702
113.904,71.9688
113.887,71.7677
113.871,71.567
113.856,71.3667
113.841,71.1668
113.826,70.9673
113.812,70.7682
113.797,70.5694
113.784,70.371
113.77,70.1731
113.757,69.9755
113.744,69.7783
113.732,69.5815
113.72,69.3852
113.708,69.1892
113.696,68.9936
113.684,68.7985
113.673,68.6037
113.662,68.4094
113.651,68.2155
113.641,68.022
113.631,67.829
113.621,67.6363
113.611,67.4441
113.601,67.2523
113.592,67.061
113.582,66.8701
113.573,66.6796
113.564,66.4895
113.556,66.2999
113.547,66.1107
113.539,65.922
113.53,65.7337
113.522,65.5458
113.514,65.3584
113.507,65.1714
113.499,64.9849
113.492,64.7988
113.484,64.6132
113.477,64.428
113.47,64.2433
113.463,64.0591
113.456,63.8753
113.45,63.6919
113.443,63.509
113.437,63.3266
113.43,63.1446
113.424,62.9631
113.418,62.7821
113.412,62.6015
113.406,62.4213
113.401,62.2417
113.395,62.0625
113.389,61.8838
113.384,61.7055
113.379,61.5277
113.373,61.3504
113.368,61.1735
113.363,60.9972
113.358,60.8212
113.353,60.6458
113.348,60.4708
113.343,60.2963
113.339,60.1223
113.334,59.9487
113.33,59.7757
113.325,59.603
113.321,59.4309
113.317,59.2592
113.312,59.0881
113.308,58.9173
113.304,58.7471
113.3,58.5773
113.296,58.4081
113.292,58.2392
113.288,58.0709
113.285,57.903
113.281,57.7357
113.277,57.5688
113.274,57.4023
113.27,57.2364
113.267,57.0709
113.263,56.9059
113.26,56.7413
113.257,56.5773
113.254,56.4137
113.25,56.2506
113.247,56.0879
113.244,55.9258
113.241,55.7641
113.238,55.6029
113.235,55.4421
113.232,55.2819
113.229,55.1221
113.227,54.9627
113.224,54.8039
113.221,54.6455
113.218,54.4876
113.216,54.3301
113.213,54.1732
113.211,54.0167
113.208,53.8606
113.206,53.7051
113.203,53.55
113.201,53.3953
113.198,53.2412
113.196,53.0875
113.194,52.9342
113.192,52.7815
113.189,52.6292
113.187,52.4773
113.185,52.3259
113.183,52.175
113.181,52.0245
113.179,51.8745
113.177,51.725
113.175,51.5759
113.173,51.4273
113.171,51.2791
113.169,51.1314
113.167,50.9842
113.165,50.8374
113.164,50.691
113.162,50.5451
113.16,50.3997
113.158,50.2547
113.157,50.1101
113.155,49.966
113.153,49.8224
113.152,49.6792
113.15,49.5364
113.149,49.3941
113.147,49.2522
113.146,49.1108
113.144,48.9698
113.143,48.8293
113.141,48.6892
113.14,48.5495
113.138,48.4103
113.137,48.2715
113.136,48.1332
113.134,47.9952
113.133,47.8577
113.132,47.7207
113.131,47.5841
113.129,47.4479
113.128,47.3121
113.127,47.1768
113.126,47.0418
113.125,46.9074
113.123,46.7733
113.122,46.6396
113.121,46.5064
113.12,46.3736
113.119,46.2412
113.118,46.1093
113.117,45.9777
113.116,45.8466
113.115,45.7159
113.114,45.5856
113.113,45.4557
113.112,45.3262
113.111,45.1971
113.11,45.0685
113.11,44.9402
113.109,44.8124
113.108,44.6849
113.107,44.5579
113.106,44.4313
113.105,44.305
113.105,44.1792
113.104,44.0537
113.103,43.9287
113.102,43.804
113.102,43.6798
113.101,43.5559
113.1,43.4324
113.099,43.3094
113.099,43.1867
113.098,43.0644
113.098,42.9425
113.097,42.8209
113.096,42.6998
113.096,42.579
113.095,42.4586
113.095,42.3386
113.094,42.219
113.093,42.0998
113.093,41.9809
113.092,41.8624
113.092,41.7443
113.091,41.6265
113.091,41.5091
113.09,41.3921
113.09,41.2755
113.089,41.1592
113.089,41.0433
113.089,40.9278
113.088,40.8126
113.088,40.6978
113.087,40.5833
113.087,40.4692
113.087,40.3555
113.086,40.2421
113.086,40.1291
113.086,40.0164
113.085,39.9041
113.085,39.7921
113.085,39.6805
113.084,39.5692
113.084,39.4583
113.084,39.3477
113.083,39.2375
113.083,39.1276
113.083,39.018
113.083,38.9088
113.082,38.7999
113.082,38.6914
113.082,38.5832
113.082,38.4754
113.082,38.3678
113.081,38.2607
113.081,38.1538
113.081,38.0473
113.081,37.9411
113.081,37.8352
113.081,37.7297
113.08,37.6244
113.08,37.5196
113.08,37.415
113.08,37.3107
113.08,37.2068
113.08,37.1032
113.08,36.9999
113.08,36.8969
113.08,36.7943
113.079,36.6919
113.079,36.5899
113.079,36.4882
113.079,36.3868
113.079,36.2857
113.079,36.1849
113.079,36.0844
113.079,35.9843
113.079,35.8844
113.079,35.7848
113.079,35.6855
113.079,35.5866
113.079,35.4879
113.079,35.3895
113.079,35.2915
113.079,35.1937
113.079,35.0962
113.079,34.999
113.079,34.9021
113.079,34.8055
113.08,34.7092
113.08,34.6132
113.08,34.5175
113.08,34.422
113.08,34.3268
113.08,34.232
113.08,34.1374
113.08,34.043
113.08,33.949
113.08,33.8553
113.081,33.7618
113.081,33.6686
113.081,33.5757
113.081,33.483
113.081,33.3906
113.081,33.2985
113.081,33.2067
113.082,33.1151
113.082,33.0238
113.082,32.9328
113.082,32.8421
113.082,32.7516
113.083,32.6613
113.083,32.5714
113.083,32.4817
113.083,32.3922
113.083,32.3031
113.084,32.2142
113.084,32.1255
113.084,32.0371
113.084,31.949
113.085,31.8611
113.085,31.7734
113.085,31.686
113.085,31.5989
113.086,31.512
113.086,31.4254
113.086,31.339
113.086,31.2529
113.087,31.167
113.087,31.0814
113.087,30.996
113.087,30.9108
113.088,30.8259
113.088,30.7412
113.088,30.6568
113.089,30.5726
113.089,30.4887
113.089,30.405
113.09,30.3215
113.09,30.2382
113.09,30.1552
113.091,30.0725
113.091,29.9899
113.091,29.9076
113.092,29.8255
113.092,29.7437
113.092,29.6621
113.093,29.5807
113.093,29.4995
113.093,29.4186
113.094,29.3379
113.094,29.2574
113.094,29.1771
113.095,29.0971
113.095,29.0172
113.096,28.9376
113.096,28.8583
113.096,28.7791
113.097,28.7001
113.097,28.6214
113.098,28.5429
113.098,28.4646
113.098,28.3865
113.099,28.3086
113.099,28.231
113.1,28.1535
113.1,28.0763
113.1,27.9993
113.101,27.9224
113.101,27.8458
113.102,27.7694
113.102,27.6932
113.103,27.6172
113.103,27.5414
113.103,27.4658
113.104,27.3904
113.104,27.3153
113.105,27.2403
113.105,27.1655
113.106,27.0909
113.106,27.0165
113.107,26.9423
113.107,26.8683
113.108,26.7945
113.108,26.7209
113.109,26.6475
113.109,26.5743
113.11,26.5013
113.11,26.4285
113.111,26.3558
113.111,26.2834
113.111,26.2111
113.112,26.139
113.112,26.0671
113.113,25.9954
113.114,25.9239
113.114,25.8526
113.115,25.7815
113.115,25.7105
113.116,25.6397
113.116,25.5691
113.117,25.4987
113.117,25.4285
113.118,25.3584
113.118,25.2886
113.119,25.2189
113.119,25.1494
113.12,25.08
113.12,25.0109
113.121,24.9419
113.121,24.8731
113.122,24.8044
113.122,24.736
113.123,24.6677
113.124,24.5996
113.124,24.5316
113.125,24.4638
113.125,24.3962
113.126,24.3288
113.126,24.2615
113.127,24.1944
113.128,24.1275
113.128,24.0607
113.129,23.9941
113.129,23.9277
113.13,23.8614
