228.675,19.7499
228.676,19.7487
228.678,19.7474
228.68,19.7462
228.681,19.7449
228.683,19.7436
228.684,19.7424
228.686,19.7411
228.688,19.7399
228.689,19.7386
228.691,19.7374
228.693,19.7361
228.694,19.7348
228.696,19.7336
228.698,19.7323
228.699,19.7311
228.701,19.7298
228.702,19.7286
228.704,19.7273
228.706,19.726
228.707,19.7248
228.709,19.7235
228.711,19.7223
228.712,19.721
228.714,19.7198
228.716,19.7185
228.717,19.7172
228.719,19.716
228.72,19.7147
228.722,19.7135
228.724,19.7122
228.725,19.7109
228.727,19.7097
228.729,19.7084
228.73,19.7072
228.732,19.7059
228.734,19.7047
228.735,19.7034
228.737,19.7021
228.738,19.7009
228.74,19.6996
228.742,19.6984
228.743,19.6971
228.745,19.6959
228.747,19.6946
228.748,19.6933
228.75,19.6921
228.752,19.6908
228.753,19.6896
228.755,19.6883
228.756,19.687
228.758,19.6858
228.76,19.6845
228.761,19.6833
228.763,19.682
228.765,19.6808
228.766,19.6795
228.768,19.6782
228.77,19.677
228.771,19.6757
228.773,19.6745
228.774,19.6732
228.776,19.6719
228.778,19.6707
228.779,19.6694
228.781,19.6682
228.783,19.6669
228.784,19.6656
228.786,19.6644
228.787,19.6631
228.789,19.6619
228.791,19.6606
228.792,19.6594
228.794,19.6581
228.796,19.6568
228.797,19.6556
228.799,19.6543
228.801,19.6531
228.802,19.6518
228.804,19.6505
228.805,19.6493
228.807,19.648
228.809,19.6468
228.81,19.6455
228.812,19.6442
228.814,19.643
228.815,19.6417
228.817,19.6405
228.819,19.6392
228.82,19.6379
228.822,19.6367
228.823,19.6354
228.825,19.6342
228.827,19.6329
228.828,19.6316
228.83,19.6304
228.832,19.6291
228.833,19.6279
228.835,19.6266
228.836,19.6253
228.838,19.6241
228.84,19.6228
228.841,19.6216
228.843,19.6203
228.845,19.619
228.846,19.6178
228.848,19.6165
228.85,19.6153
228.851,19.614
228.853,19.6127
228.854,19.6115
228.856,19.6102
228.858,19.609
228.859,19.6077
228.861,19.6064
228.863,19.6052
228.864,19.6039
228.866,19.6027
228.867,19.6014
228.869,19.6001
228.871,19.5989
228.872,19.5976
228.874,19.5964
228.876,19.5951
228.877,19.5938
228.879,19.5926
228.881,19.5913
228.882,19.5901
228.884,19.5888
228.885,19.5875
228.887,19.5863
228.889,19.585
228.89,19.5837
228.892,19.5825
228.894,19.5812
228.895,19.58
228.897,19.5787
228.898,19.5774
228.9,19.5762
228.902,19.5749
228.903,19.5737
228.905,19.5724
228.907,19.5711
228.908,19.5699
228.91,19.5686
228.912,19.5674
228.913,19.5661
228.915,19.5648
228.916,19.5636
228.918,19.5623
228.92,19.561
228.921,19.5598
228.923,19.5585
228.925,19.5573
228.926,19.556
228.928,19.5547
228.929,19.5535
228.931,19.5522
228.933,19.551
228.934,19.5497
228.936,19.5484
228.938,19.5472
228.939,19.5459
228.941,19.5446
228.943,19.5434
228.944,19.5421
228.946,19.5409
228.947,19.5396
228.949,19.5383
228.951,19.5371
228.952,19.5358
228.954,19.5345
228.956,19.5333
228.957,19.532
228.959,19.5308
228.96,19.5295
228.962,19.5282
228.964,19.527
228.965,19.5257
228.967,19.5244
228.969,19.5232
228.97,19.5219
228.972,19.5207
228.973,19.5194
228.975,19.5181
228.977,19.5169
228.978,19.5156
228.98,19.5143
228.982,19.5131
228.983,19.5118
228.985,19.5106
228.986,19.5093
228.988,19.508
228.99,19.5068
228.991,19.5055
228.993,19.5042
228.995,19.503
228.996,19.5017
228.998,19.5005
229,19.4992
229.001,19.4979
229.003,19.4967
229.004,19.4954
229.006,19.4941
229.008,19.4929
229.009,19.4916
229.011,19.4903
229.013,19.4891
229.014,19.4878
229.016,19.4866
229.017,19.4853
229.019,19.484
229.021,19.4828
229.022,19.4815
229.024,19.4802
229.026,19.479
229.027,19.4777
229.029,19.4765
229.03,19.4752
229.032,19.4739
229.034,19.4727
229.035,19.4714
229.037,19.4701
229.039,19.4689
229.04,19.4676
229.042,19.4663
229.043,19.4651
229.045,19.4638
229.047,19.4625
229.048,19.4613
229.05,19.46
229.052,19.4588
229.053,19.4575
229.055,19.4562
229.056,19.455
229.058,19.4537
229.06,19.4524
229.061,19.4512
229.063,19.4499
229.065,19.4486
229.066,19.4474
229.068,19.4461
229.069,19.4448
229.071,19.4436
229.073,19.4423
229.074,19.4411
229.076,19.4398
229.078,19.4385
229.079,19.4373
229.081,19.436
229.083,19.4347
229.084,19.4335
229.086,19.4322
229.087,19.4309
229.089,19.4297
229.091,19.4284
229.092,19.4271
229.094,19.4259
229.096,19.4246
229.097,19.4233
229.099,19.4221
229.1,19.4208
229.102,19.4196
229.104,19.4183
229.105,19.417
229.107,19.4158
229.109,19.4145
229.11,19.4132
229.112,19.412
229.113,19.4107
229.115,19.4094
229.117,19.4082
229.118,19.4069
229.12,19.4056
229.122,19.4044
229.123,19.4031
229.125,19.4018
229.126,19.4006
229.128,19.3993
229.13,19.398
229.131,19.3968
229.133,19.3955
229.135,19.3942
229.136,19.393
229.138,19.3917
229.139,19.3904
229.141,19.3892
229.143,19.3879
229.144,19.3867
229.146,19.3854
229.148,19.3841
229.149,19.3829
229.151,19.3816
229.152,19.3803
229.154,19.3791
229.156,19.3778
229.157,19.3765
229.159,19.3753
229.161,19.374
229.162,19.3727
229.164,19.3715
229.165,19.3702
229.167,19.3689
229.169,19.3677
229.17,19.3664
229.172,19.3651
229.174,19.3639
229.175,19.3626
229.177,19.3613
229.178,19.3601
229.18,19.3588
229.182,19.3575
229.183,19.3563
229.185,19.355
229.187,19.3537
229.188,19.3525
229.19,19.3512
229.191,19.3499
229.193,19.3487
229.195,19.3474
229.196,19.3461
229.198,19.3449
229.2,19.3436
229.201,19.3423
229.203,19.3411
229.204,19.3398
229.206,19.3385
229.208,19.3373
229.209,19.336
229.211,19.3347
229.212,19.3335
229.214,19.3322
229.216,19.3309
229.217,19.3297
229.219,19.3284
229.221,19.3271
229.222,19.3259
229.224,19.3246
229.225,19.3233
229.227,19.3221
229.229,19.3208
229.23,19.3195
229.232,19.3183
229.234,19.317
229.235,19.3157
229.237,19.3144
229.238,19.3132
229.24,19.3119
229.242,19.3106
229.243,19.3094
229.245,19.3081
229.247,19.3068
229.248,19.3056
229.25,19.3043
229.251,19.303
229.253,19.3018
229.255,19.3005
229.256,19.2992
229.258,19.298
229.26,19.2967
229.261,19.2954
229.263,19.2942
229.264,19.2929
229.266,19.2916
229.268,19.2904
229.269,19.2891
229.271,19.2878
229.273,19.2866
229.274,19.2853
229.276,19.284
229.277,19.2827
229.279,19.2815
229.281,19.2802
229.282,19.2789
229.284,19.2777
229.285,19.2764
229.287,19.2751
229.289,19.2739
229.29,19.2726
229.292,19.2713
229.294,19.2701
229.295,19.2688
229.297,19.2675
229.298,19.2663
229.3,19.265
229.302,19.2637
229.303,19.2624
229.305,19.2612
229.307,19.2599
229.308,19.2586
229.31,19.2574
229.311,19.2561
229.313,19.2548
229.315,19.2536
229.316,19.2523
229.318,19.251
229.32,19.2498
229.321,19.2485
229.323,19.2472
229.324,19.2459
229.326,19.2447
229.328,19.2434
229.329,19.2421
229.331,19.2409
229.332,19.2396
229.334,19.2383
229.336,19.2371
229.337,19.2358
229.339,19.2345
229.341,19.2333
229.342,19.232
229.344,19.2307
229.345,19.2294
229.347,19.2282
229.349,19.2269
229.35,19.2256
229.352,19.2244
229.354,19.2231
229.355,19.2218
229.357,19.2206
229.358,19.2193
229.36,19.218
229.362,19.2167
229.363,19.2155
229.365,19.2142
229.367,19.2129
229.368,19.2117
229.37,19.2104
229.371,19.2091
229.373,19.2079
229.375,19.2066
229.376,19.2053
229.378,19.204
229.379,19.2028
229.381,19.2015
229.383,19.2002
229.384,19.199
229.386,19.1977
229.388,19.1964
229.389,19.1952
229.391,19.1939
229.392,19.1926
229.394,19.1913
229.396,19.1901
229.397,19.1888
229.399,19.1875
229.401,19.1863
229.402,19.185
229.404,19.1837
229.405,19.1824
229.407,19.1812
229.409,19.1799
229.41,19.1786
229.412,19.1774
229.413,19.1761
229.415,19.1748
229.417,19.1735
229.418,19.1723
229.42,19.171
229.422,19.1697
229.423,19.1685
229.425,19.1672
229.426,19.1659
229.428,19.1647
229.43,19.1634
229.431,19.1621
229.433,19.1608
229.434,19.1596
229.436,19.1583
229.438,19.157
229.439,19.1558
229.441,19.1545
229.443,19.1532
229.444,19.1519
229.446,19.1507
229.447,19.1494
229.449,19.1481
229.451,19.1468
229.452,19.1456
229.454,19.1443
229.456,19.143
229.457,19.1418
229.459,19.1405
229.46,19.1392
229.462,19.1379
229.464,19.1367
229.465,19.1354
229.467,19.1341
229.468,19.1329
229.47,19.1316
229.472,19.1303
229.473,19.129
229.475,19.1278
229.477,19.1265
229.478,19.1252
229.48,19.124
229.481,19.1227
229.483,19.1214
229.485,19.1201
229.486,19.1189
229.488,19.1176
229.489,19.1163
229.491,19.115
229.493,19.1138
229.494,19.1125
229.496,19.1112
229.498,19.11
229.499,19.1087
229.501,19.1074
229.502,19.1061
229.504,19.1049
229.506,19.1036
229.507,19.1023
229.509,19.101
229.51,19.0998
229.512,19.0985
229.514,19.0972
229.515,19.096
229.517,19.0947
229.519,19.0934
229.52,19.0921
229.522,19.0909
229.523,19.0896
229.525,19.0883
229.527,19.087
229.528,19.0858
229.53,19.0845
229.531,19.0832
229.533,19.082
229.535,19.0807
229.536,19.0794
229.538,19.0781
229.54,19.0769
229.541,19.0756
229.543,19.0743
229.544,19.073
229.546,19.0718
229.548,19.0705
229.549,19.0692
229.551,19.0679
229.552,19.0667
229.554,19.0654
229.556,19.0641
229.557,19.0628
229.559,19.0616
229.561,19.0603
229.562,19.059
229.564,19.0578
229.565,19.0565
229.567,19.0552
229.569,19.0539
229.57,19.0527
229.572,19.0514
229.573,19.0501
229.575,19.0488
229.577,19.0476
229.578,19.0463
229.58,19.045
229.582,19.0437
229.583,19.0425
229.585,19.0412
229.586,19.0399
229.588,19.0386
229.59,19.0374
229.591,19.0361
229.593,19.0348
229.594,19.0335
229.596,19.0323
229.598,19.031
229.599,19.0297
229.601,19.0284
229.603,19.0272
229.604,19.0259
229.606,19.0246
229.607,19.0233
229.609,19.0221
229.611,19.0208
229.612,19.0195
229.614,19.0182
229.615,19.017
229.617,19.0157
229.619,19.0144
229.62,19.0132
229.622,19.0119
229.623,19.0106
229.625,19.0093
229.627,19.0081
229.628,19.0068
229.63,19.0055
229.632,19.0042
229.633,19.003
229.635,19.0017
229.636,19.0004
229.638,18.9991
229.64,18.9978
229.641,18.9966
229.643,18.9953
229.644,18.994
229.646,18.9927
229.648,18.9915
229.649,18.9902
229.651,18.9889
229.653,18.9876
229.654,18.9864
229.656,18.9851
229.657,18.9838
229.659,18.9825
229.661,18.9813
229.662,18.98
229.664,18.9787
229.665,18.9774
229.667,18.9762
229.669,18.9749
229.67,18.9736
229.672,18.9723
229.673,18.9711
229.675,18.9698
229.677,18.9685
229.678,18.9672
229.68,18.966
229.682,18.9647
229.683,18.9634
229.685,18.9621
229.686,18.9609
229.688,18.9596
229.69,18.9583
229.691,18.957
229.693,18.9557
229.694,18.9545
229.696,18.9532
229.698,18.9519
229.699,18.9506
229.701,18.9494
229.702,18.9481
229.704,18.9468
229.706,18.9455
229.707,18.9443
229.709,18.943
229.711,18.9417
229.712,18.9404
229.714,18.9392
229.715,18.9379
229.717,18.9366
229.719,18.9353
229.72,18.934
229.722,18.9328
229.723,18.9315
229.725,18.9302
229.727,18.9289
229.728,18.9277
229.73,18.9264
229.731,18.9251
229.733,18.9238
229.735,18.9226
229.736,18.9213
229.738,18.92
229.74,18.9187
229.741,18.9174
229.743,18.9162
229.744,18.9149
229.746,18.9136
229.748,18.9123
229.749,18.9111
229.751,18.9098
229.752,18.9085
229.754,18.9072
229.756,18.9059
229.757,18.9047
229.759,18.9034
229.76,18.9021
229.762,18.9008
229.764,18.8996
229.765,18.8983
229.767,18.897
229.769,18.8957
229.77,18.8944
229.772,18.8932
229.773,18.8919
229.775,18.8906
229.777,18.8893
229.778,18.8881
229.78,18.8868
229.781,18.8855
229.783,18.8842
229.785,18.8829
229.786,18.8817
229.788,18.8804
229.789,18.8791
229.791,18.8778
229.793,18.8766
229.794,18.8753
229.796,18.874
229.797,18.8727
229.799,18.8714
229.801,18.8702
229.802,18.8689
229.804,18.8676
229.806,18.8663
229.807,18.8651
229.809,18.8638
229.81,18.8625
229.812,18.8612
229.814,18.8599
229.815,18.8587
229.817,18.8574
229.818,18.8561
229.82,18.8548
229.822,18.8535
229.823,18.8523
229.825,18.851
229.826,18.8497
229.828,18.8484
229.83,18.8472
229.831,18.8459
229.833,18.8446
229.834,18.8433
229.836,18.842
229.838,18.8408
229.839,18.8395
229.841,18.8382
229.842,18.8369
229.844,18.8356
229.846,18.8344
229.847,18.8331
229.849,18.8318
229.851,18.8305
229.852,18.8292
229.854,18.828
229.855,18.8267
229.857,18.8254
229.859,18.8241
229.86,18.8228
229.862,18.8216
229.863,18.8203
229.865,18.819
229.867,18.8177
229.868,18.8164
229.87,18.8152
229.871,18.8139
229.873,18.8126
229.875,18.8113
229.876,18.8101
229.878,18.8088
229.879,18.8075
229.881,18.8062
229.883,18.8049
229.884,18.8037
229.886,18.8024
229.888,18.8011
229.889,18.7998
229.891,18.7985
229.892,18.7973
229.894,18.796
229.896,18.7947
229.897,18.7934
229.899,18.7921
229.9,18.7909
229.902,18.7896
229.904,18.7883
229.905,18.787
229.907,18.7857
229.908,18.7844
229.91,18.7832
229.912,18.7819
229.913,18.7806
229.915,18.7793
229.916,18.778
229.918,18.7768
229.92,18.7755
229.921,18.7742
229.923,18.7729
229.924,18.7716
229.926,18.7704
229.928,18.7691
229.929,18.7678
229.931,18.7665
229.932,18.7652
229.934,18.764
229.936,18.7627
229.937,18.7614
229.939,18.7601
229.94,18.7588
229.942,18.7576
229.944,18.7563
229.945,18.755
229.947,18.7537
229.949,18.7524
229.95,18.7511
229.952,18.7499
229.953,18.7486
229.955,18.7473
229.957,18.746
229.958,18.7447
229.96,18.7435
229.961,18.7422
229.963,18.7409
229.965,18.7396
229.966,18.7383
229.968,18.7371
229.969,18.7358
229.971,18.7345
229.973,18.7332
229.974,18.7319
229.976,18.7306
229.977,18.7294
229.979,18.7281
229.981,18.7268
229.982,18.7255
229.984,18.7242
229.985,18.723
229.987,18.7217
229.989,18.7204
229.99,18.7191
229.992,18.7178
229.993,18.7165
229.995,18.7153
229.997,18.714
229.998,18.7127
230,18.7114
230.001,18.7101
230.003,18.7089
230.005,18.7076
230.006,18.7063
230.008,18.705
230.009,18.7037
230.011,18.7024
230.013,18.7012
230.014,18.6999
230.016,18.6986
230.018,18.6973
230.019,18.696
230.021,18.6947
230.022,18.6935
230.024,18.6922
230.026,18.6909
230.027,18.6896
230.029,18.6883
230.03,18.6871
230.032,18.6858
230.034,18.6845
230.035,18.6832
230.037,18.6819
230.038,18.6806
230.04,18.6794
230.042,18.6781
230.043,18.6768
230.045,18.6755
230.046,18.6742
230.048,18.6729
230.05,18.6717
230.051,18.6704
230.053,18.6691
230.054,18.6678
230.056,18.6665
230.058,18.6652
230.059,18.664
230.061,18.6627
230.062,18.6614
230.064,18.6601
230.066,18.6588
230.067,18.6575
230.069,18.6563
230.07,18.655
230.072,18.6537
230.074,18.6524
230.075,18.6511
230.077,18.6498
230.078,18.6486
230.08,18.6473
230.082,18.646
230.083,18.6447
230.085,18.6434
230.086,18.6421
230.088,18.6409
230.09,18.6396
230.091,18.6383
230.093,18.637
230.094,18.6357
230.096,18.6344
230.098,18.6332
230.099,18.6319
230.101,18.6306
230.102,18.6293
230.104,18.628
230.106,18.6267
230.107,18.6254
230.109,18.6242
230.11,18.6229
230.112,18.6216
230.114,18.6203
230.115,18.619
230.117,18.6177
230.118,18.6165
230.12,18.6152
230.122,18.6139
230.123,18.6126
230.125,18.6113
230.126,18.61
230.128,18.6088
230.13,18.6075
230.131,18.6062
230.133,18.6049
230.134,18.6036
230.136,18.6023
230.138,18.601
230.139,18.5998
230.141,18.5985
230.142,18.5972
230.144,18.5959
230.146,18.5946
230.147,18.5933
230.149,18.5921
230.15,18.5908
230.152,18.5895
230.154,18.5882
230.155,18.5869
230.157,18.5856
230.158,18.5843
230.16,18.5831
230.162,18.5818
230.163,18.5805
230.165,18.5792
230.166,18.5779
230.168,18.5766
230.17,18.5753
230.171,18.5741
230.173,18.5728
230.174,18.5715
230.176,18.5702
230.178,18.5689
230.179,18.5676
230.181,18.5663
230.182,18.5651
230.184,18.5638
230.186,18.5625
230.187,18.5612
230.189,18.5599
230.19,18.5586
230.192,18.5573
230.194,18.5561
230.195,18.5548
230.197,18.5535
230.198,18.5522
230.2,18.5509
230.202,18.5496
230.203,18.5483
230.205,18.5471
230.206,18.5458
230.208,18.5445
230.21,18.5432
230.211,18.5419
230.213,18.5406
230.214,18.5393
230.216,18.5381
230.218,18.5368
230.219,18.5355
230.221,18.5342
230.222,18.5329
230.224,18.5316
230.226,18.5303
230.227,18.5291
230.229,18.5278
230.23,18.5265
230.232,18.5252
230.234,18.5239
230.235,18.5226
230.237,18.5213
230.238,18.5201
230.24,18.5188
230.242,18.5175
230.243,18.5162
230.245,18.5149
230.246,18.5136
230.248,18.5123
230.25,18.511
230.251,18.5098
230.253,18.5085
230.254,18.5072
230.256,18.5059
230.258,18.5046
230.259,18.5033
230.261,18.502
230.262,18.5007
230.264,18.4995
230.266,18.4982
230.267,18.4969
230.269,18.4956
230.27,18.4943
230.272,18.493
230.274,18.4917
230.275,18.4905
230.277,18.4892
230.278,18.4879
230.28,18.4866
230.282,18.4853
230.283,18.484
230.285,18.4827
230.286,18.4814
230.288,18.4802
230.29,18.4789
230.291,18.4776
230.293,18.4763
230.294,18.475
230.296,18.4737
230.298,18.4724
230.299,18.4711
230.301,18.4699
230.302,18.4686
230.304,18.4673
230.306,18.466
230.307,18.4647
230.309,18.4634
230.31,18.4621
230.312,18.4608
230.313,18.4595
230.315,18.4583
230.317,18.457
230.318,18.4557
230.32,18.4544
230.321,18.4531
230.323,18.4518
230.325,18.4505
230.326,18.4492
230.328,18.448
230.329,18.4467
230.331,18.4454
230.333,18.4441
230.334,18.4428
230.336,18.4415
230.337,18.4402
230.339,18.4389
230.341,18.4376
230.342,18.4364
230.344,18.4351
230.345,18.4338
230.347,18.4325
230.349,18.4312
230.35,18.4299
230.352,18.4286
230.353,18.4273
230.355,18.4261
230.357,18.4248
230.358,18.4235
230.36,18.4222
230.361,18.4209
230.363,18.4196
230.365,18.4183
230.366,18.417
230.368,18.4157
230.369,18.4145
230.371,18.4132
230.373,18.4119
230.374,18.4106
230.376,18.4093
230.377,18.408
230.379,18.4067
230.38,18.4054
230.382,18.4041
230.384,18.4028
230.385,18.4016
230.387,18.4003
230.388,18.399
230.39,18.3977
230.392,18.3964
230.393,18.3951
230.395,18.3938
230.396,18.3925
230.398,18.3912
230.4,18.39
230.401,18.3887
230.403,18.3874
230.404,18.3861
230.406,18.3848
230.408,18.3835
230.409,18.3822
230.411,18.3809
230.412,18.3796
230.414,18.3783
230.416,18.3771
230.417,18.3758
230.419,18.3745
230.42,18.3732
230.422,18.3719
230.424,18.3706
230.425,18.3693
230.427,18.368
230.428,18.3667
230.43,18.3654
230.432,18.3642
230.433,18.3629
230.435,18.3616
230.436,18.3603
230.438,18.359
230.439,18.3577
230.441,18.3564
230.443,18.3551
230.444,18.3538
230.446,18.3525
230.447,18.3513
230.449,18.35
230.451,18.3487
230.452,18.3474
230.454,18.3461
230.455,18.3448
230.457,18.3435
230.459,18.3422
230.46,18.3409
230.462,18.3396
230.463,18.3383
230.465,18.3371
230.467,18.3358
230.468,18.3345
230.47,18.3332
230.471,18.3319
230.473,18.3306
230.475,18.3293
230.476,18.328
230.478,18.3267
230.479,18.3254
230.481,18.3241
230.482,18.3229
230.484,18.3216
230.486,18.3203
230.487,18.319
230.489,18.3177
230.49,18.3164
230.492,18.3151
230.494,18.3138
230.495,18.3125
230.497,18.3112
230.498,18.3099
230.5,18.3087
230.502,18.3074
230.503,18.3061
230.505,18.3048
230.506,18.3035
230.508,18.3022
230.51,18.3009
230.511,18.2996
230.513,18.2983
230.514,18.297
230.516,18.2957
230.517,18.2944
230.519,18.2932
230.521,18.2919
230.522,18.2906
230.524,18.2893
230.525,18.288
230.527,18.2867
230.529,18.2854
230.53,18.2841
230.532,18.2828
230.533,18.2815
230.535,18.2802
230.537,18.2789
230.538,18.2776
230.54,18.2764
230.541,18.2751
230.543,18.2738
230.545,18.2725
230.546,18.2712
230.548,18.2699
230.549,18.2686
230.551,18.2673
230.552,18.266
230.554,18.2647
230.556,18.2634
230.557,18.2621
230.559,18.2608
230.56,18.2596
230.562,18.2583
230.564,18.257
230.565,18.2557
230.567,18.2544
230.568,18.2531
230.57,18.2518
230.572,18.2505
230.573,18.2492
230.575,18.2479
230.576,18.2466
230.578,18.2453
230.58,18.244
230.581,18.2427
230.583,18.2415
230.584,18.2402
230.586,18.2389
230.587,18.2376
230.589,18.2363
230.591,18.235
230.592,18.2337
230.594,18.2324
230.595,18.2311
230.597,18.2298
230.599,18.2285
230.6,18.2272
230.602,18.2259
230.603,18.2246
230.605,18.2234
230.607,18.2221
230.608,18.2208
230.61,18.2195
230.611,18.2182
230.613,18.2169
230.614,18.2156
230.616,18.2143
230.618,18.213
230.619,18.2117
230.621,18.2104
230.622,18.2091
230.624,18.2078
230.626,18.2065
230.627,18.2052
230.629,18.2039
230.63,18.2027
230.632,18.2014
230.634,18.2001
230.635,18.1988
230.637,18.1975
230.638,18.1962
230.64,18.1949
230.642,18.1936
230.643,18.1923
230.645,18.191
230.646,18.1897
230.648,18.1884
230.649,18.1871
230.651,18.1858
230.653,18.1845
230.654,18.1832
230.656,18.1819
230.657,18.1807
230.659,18.1794
230.661,18.1781
230.662,18.1768
230.664,18.1755
230.665,18.1742
230.667,18.1729
230.668,18.1716
230.67,18.1703
230.672,18.169
230.673,18.1677
230.675,18.1664
230.676,18.1651
230.678,18.1638
230.68,18.1625
230.681,18.1612
230.683,18.1599
230.684,18.1586
230.686,18.1573
230.688,18.1561
230.689,18.1548
230.691,18.1535
230.692,18.1522
230.694,18.1509
230.695,18.1496
230.697,18.1483
230.699,18.147
230.7,18.1457
230.702,18.1444
230.703,18.1431
230.705,18.1418
230.707,18.1405
230.708,18.1392
230.71,18.1379
230.711,18.1366
230.713,18.1353
230.715,18.134
230.716,18.1327
230.718,18.1314
230.719,18.1301
230.721,18.1289
230.722,18.1276
230.724,18.1263
230.726,18.125
230.727,18.1237
230.729,18.1224
230.73,18.1211
230.732,18.1198
230.734,18.1185
230.735,18.1172
230.737,18.1159
230.738,18.1146
230.74,18.1133
230.741,18.112
230.743,18.1107
230.745,18.1094
230.746,18.1081
230.748,18.1068
230.749,18.1055
230.751,18.1042
230.753,18.1029
230.754,18.1016
230.756,18.1003
230.757,18.099
230.759,18.0978
230.761,18.0965
230.762,18.0952
230.764,18.0939
230.765,18.0926
230.767,18.0913
230.768,18.09
230.77,18.0887
230.772,18.0874
230.773,18.0861
230.775,18.0848
230.776,18.0835
230.778,18.0822
230.78,18.0809
230.781,18.0796
230.783,18.0783
230.784,18.077
230.786,18.0757
230.787,18.0744
230.789,18.0731
230.791,18.0718
230.792,18.0705
230.794,18.0692
230.795,18.0679
230.797,18.0666
230.799,18.0653
230.8,18.064
230.802,18.0627
230.803,18.0614
230.805,18.0601
230.806,18.0589
230.808,18.0576
230.81,18.0563
230.811,18.055
230.813,18.0537
230.814,18.0524
230.816,18.0511
230.818,18.0498
230.819,18.0485
230.821,18.0472
230.822,18.0459
230.824,18.0446
230.825,18.0433
230.827,18.042
230.829,18.0407
230.83,18.0394
230.832,18.0381
230.833,18.0368
230.835,18.0355
230.837,18.0342
230.838,18.0329
230.84,18.0316
230.841,18.0303
230.843,18.029
230.844,18.0277
230.846,18.0264
230.848,18.0251
230.849,18.0238
230.851,18.0225
230.852,18.0212
230.854,18.0199
230.856,18.0186
230.857,18.0173
230.859,18.016
230.86,18.0147
230.862,18.0134
230.863,18.0121
230.865,18.0108
230.867,18.0095
230.868,18.0082
230.87,18.0069
230.871,18.0056
230.873,18.0043
230.875,18.003
230.876,18.0017
230.878,18.0004
230.879,17.9992
230.881,17.9979
230.882,17.9966
230.884,17.9953
230.886,17.994
230.887,17.9927
230.889,17.9914
230.89,17.9901
230.892,17.9888
230.894,17.9875
230.895,17.9862
230.897,17.9849
230.898,17.9836
230.9,17.9823
230.901,17.981
230.903,17.9797
230.905,17.9784
230.906,17.9771
230.908,17.9758
230.909,17.9745
230.911,17.9732
230.913,17.9719
230.914,17.9706
230.916,17.9693
230.917,17.968
230.919,17.9667
230.92,17.9654
230.922,17.9641
230.924,17.9628
230.925,17.9615
230.927,17.9602
230.928,17.9589
230.93,17.9576
230.932,17.9563
230.933,17.955
230.935,17.9537
230.936,17.9524
230.938,17.9511
230.939,17.9498
230.941,17.9485
230.943,17.9472
230.944,17.9459
230.946,17.9446
230.947,17.9433
230.949,17.942
230.951,17.9407
230.952,17.9394
230.954,17.9381
230.955,17.9368
230.957,17.9355
230.958,17.9342
230.96,17.9329
230.962,17.9316
230.963,17.9303
230.965,17.929
230.966,17.9277
230.968,17.9264
230.969,17.9251
230.971,17.9238
230.973,17.9225
230.974,17.9212
230.976,17.9199
230.977,17.9186
230.979,17.9173
230.981,17.916
230.982,17.9147
230.984,17.9134
230.985,17.9121
230.987,17.9108
230.988,17.9095
230.99,17.9082
230.992,17.9069
230.993,17.9056
230.995,17.9043
230.996,17.903
230.998,17.9017
230.999,17.9004
231.001,17.8991
231.003,17.8978
231.004,17.8965
231.006,17.8952
231.007,17.8939
231.009,17.8926
231.011,17.8913
231.012,17.89
231.014,17.8887
231.015,17.8874
231.017,17.8861
231.018,17.8848
231.02,17.8835
231.022,17.8822
231.023,17.8809
231.025,17.8796
231.026,17.8783
231.028,17.877
231.03,17.8757
231.031,17.8744
231.033,17.8731
231.034,17.8718
231.036,17.8705
231.037,17.8692
231.039,17.8679
231.041,17.8666
231.042,17.8653
231.044,17.8639
231.045,17.8626
231.047,17.8613
231.048,17.86
231.05,17.8587
231.052,17.8574
231.053,17.8561
231.055,17.8548
231.056,17.8535
231.058,17.8522
231.059,17.8509
231.061,17.8496
231.063,17.8483
231.064,17.847
231.066,17.8457
231.067,17.8444
231.069,17.8431
231.071,17.8418
231.072,17.8405
231.074,17.8392
231.075,17.8379
231.077,17.8366
231.078,17.8353
231.08,17.834
231.082,17.8327
231.083,17.8314
231.085,17.8301
231.086,17.8288
231.088,17.8275
231.089,17.8262
231.091,17.8249
231.093,17.8236
231.094,17.8223
231.096,17.821
231.097,17.8197
231.099,17.8184
231.101,17.8171
231.102,17.8158
231.104,17.8145
231.105,17.8132
231.107,17.8119
231.108,17.8106
231.11,17.8093
231.112,17.808
231.113,17.8067
231.115,17.8054
231.116,17.804
231.118,17.8027
231.119,17.8014
231.121,17.8001
231.123,17.7988
231.124,17.7975
231.126,17.7962
231.127,17.7949
231.129,17.7936
231.13,17.7923
231.132,17.791
231.134,17.7897
231.135,17.7884
231.137,17.7871
231.138,17.7858
231.14,17.7845
231.142,17.7832
231.143,17.7819
231.145,17.7806
231.146,17.7793
231.148,17.778
231.149,17.7767
231.151,17.7754
231.153,17.7741
231.154,17.7728
231.156,17.7715
231.157,17.7702
231.159,17.7689
231.16,17.7676
231.162,17.7663
231.164,17.765
231.165,17.7636
231.167,17.7623
231.168,17.761
231.17,17.7597
231.171,17.7584
231.173,17.7571
231.175,17.7558
231.176,17.7545
231.178,17.7532
231.179,17.7519
231.181,17.7506
231.182,17.7493
231.184,17.748
231.186,17.7467
231.187,17.7454
231.189,17.7441
231.19,17.7428
231.192,17.7415
231.194,17.7402
231.195,17.7389
231.197,17.7376
231.198,17.7363
231.2,17.735
231.201,17.7337
231.203,17.7323
231.205,17.731
231.206,17.7297
231.208,17.7284
231.209,17.7271
231.211,17.7258
231.212,17.7245
231.214,17.7232
231.216,17.7219
231.217,17.7206
231.219,17.7193
231.22,17.718
231.222,17.7167
231.223,17.7154
231.225,17.7141
